#                                                                            --- full sequence --- -------------- this domain -------------   hmm coord   ali coord   env coord
# target name        accession   tlen query name           accession   qlen   E-value  score  bias   #  of  c-Evalue  i-Evalue  score  bias  from    to  from    to  from    to  acc description of target
#------------------- ---------- ----- -------------------- ---------- ----- --------- ------ ----- --- --- --------- --------- ------ ----- ----- ----- ----- ----- ----- ----- ---- ---------------------
ArgoN_domain         -            137 Q9UL18_H_sapiens_AGO1 -            857   1.1e-39  121.9   0.0   1   1   2.3e-39   2.3e-39  120.9   0.0     2   135    34   165    33   167 0.95 -
ArgoN_domain         -            137 Q9H9G7_H_sapiens_AGO3 -            860   6.5e-37  112.9   0.0   1   1   1.4e-36   1.4e-36  111.9   0.0     2   135    28   168    27   170 0.91 -
ArgoN_domain         -            137 Q9HCK5_H_sapiens_AGO4 -            861   7.3e-42  128.9   0.0   1   1   1.6e-41   1.6e-41  127.8   0.0     2   135    26   157    25   159 0.96 -
ArgoN_domain         -            137 Q8TC59_H_sapiens_HILI -            973   7.5e-08   18.8   0.0   1   1   1.5e-07   1.5e-07   17.8   0.0     3   102   223   310   221   316 0.68 -
ArgoN_domain         -            137 Q96J94_H_sapiens_HIWI -            861   3.7e-10   26.3   0.0   1   2   1.4e-09   1.4e-09   24.4   0.0     4   107   112   204   111   219 0.77 -
ArgoN_domain         -            137 Q96J94_H_sapiens_HIWI -            861   3.7e-10   26.3   0.0   2   2      0.81      0.81   -4.0   0.0    28    71   413   457   409   469 0.66 -
ArgoN_domain         -            137 A7RFC2_N_Vectensis_PIWI1 -            871   6.2e-11   28.8   0.0   1   1   1.4e-10   1.4e-10   27.7   0.0     2   106   110   207   109   211 0.76 -
ArgoN_domain         -            137 A0A286RTI8_N_Vectensis_PIWI2 -           1057   1.3e-09   24.5   0.0   1   1   3.2e-09   3.2e-09   23.2   0.0     2   108   302   397   301   402 0.80 -
ArgoN_domain         -            137 P90786_C_elegans_PRG1 -            824   3.9e-10   26.2   0.1   1   1   1.2e-09   1.2e-09   24.7   0.1     3    83    49   126    47   156 0.75 -
ArgoN_domain         -            137 O62275_C_elegans_WAGO4 -            965   5.4e-09   22.5   0.0   1   1   1.6e-08   1.6e-08   20.9   0.0     5    77    74   168    71   218 0.77 -
ArgoN_domain         -            137 O61931_C_elegans_ERGO1 -           1121   2.4e-06   13.9   0.0   1   1   5.5e-06   5.5e-06   12.8   0.0     2    75   187   266   186   301 0.72 -
ArgoN_domain         -            137 Q9VUQ5_D_melanogaster_AGO2 -           1214   1.3e-23   69.9   0.0   1   1   3.7e-23   3.7e-23   68.4   0.0     2   135   412   541   411   543 0.87 -
ArgoN_domain         -            137 Q9UKV8_H_sapiens_AGO2 -            859   4.4e-43  132.9   0.0   1   1   1.1e-42   1.1e-42  131.6   0.0     2   135    36   167    35   169 0.96 -
ArgoN_domain         -            137 Q86B39_C_elegans_ALG2 -            891   4.3e-35  107.0   0.0   1   1   9.1e-35   9.1e-35  106.0   0.0     2   135    56   187    55   189 0.95 -
ArgoN_domain         -            137 G5EES3_C_elegans_ALG1 -           1023   8.3e-39  119.0   0.0   1   1   1.7e-38   1.7e-38  118.0   0.0     2   135   170   301   169   303 0.95 -
ArgoN_domain         -            137 Q21770_C_elegans_WAGO1 -            945   4.3e-09   22.8   0.1   1   1   1.4e-08   1.4e-08   21.1   0.1     2    72    74   167    73   195 0.78 -
ArgoN_domain         -            137 O76922_D_melanogaster_AUB -            866   1.8e-12   33.7   0.1   1   1   5.1e-12   5.1e-12   32.3   0.1     2   111   109   211   108   217 0.79 -
ArgoN_domain         -            137 Q9VKM1_D_melanogaster_PIWI -            843   1.5e-11   30.8   0.0   1   1   4.1e-11   4.1e-11   29.4   0.0     3   107    96   189    94   201 0.76 -
ArgoN_domain         -            137 Q32KD4_D_melanogaster_AGO1 -            984   1.7e-41  127.8   0.0   1   1   3.5e-41   3.5e-41  126.7   0.0     2   135   146   276   145   278 0.96 -
ArgoN_domain         -            137 U3MIG1_N_vectensis_AGO1 -            852   7.8e-42  128.9   0.0   1   2   2.2e-41   2.2e-41  127.4   0.0     2   135    27   158    26   160 0.95 -
ArgoN_domain         -            137 U3MIG1_N_vectensis_AGO1 -            852   7.8e-42  128.9   0.0   2   2      0.53      0.53   -3.4   0.0    96   125   522   551   507   556 0.81 -
ArgoN_domain         -            137 U3MH35_N_vectensis_AGO2 -           1175   3.6e-38  117.0   0.0   1   1   7.2e-38   7.2e-38  116.0   0.0     2   136   268   405   267   406 0.95 -
ArgoN_domain         -            137 XP_013068460.1_AGO2like_Biomphalaria_gl -            901   2.3e-44  137.1   0.0   1   1   4.6e-44   4.6e-44  136.1   0.0     2   135    72   203    71   205 0.96 -
ArgoN_domain         -            137 XP_013089248.1_piwil_Biomphalaria_gl -            897     8e-10   25.2   0.0   1   1     2e-09     2e-09   23.9   0.0     3    45   139   183   137   239 0.73 -
ArgoN_domain         -            137 XP_022317079.1_piwil_Crassostrea_vi -            940   3.8e-09   23.0   0.0   1   1   7.4e-09   7.4e-09   22.0   0.0     2   108   189   284   188   290 0.74 -
ArgoN_domain         -            137 XP_022322138.1_AGO2l_Crassostrea_vi -            968   1.3e-42  131.4   0.0   1   1   2.7e-42   2.7e-42  130.3   0.0     2   135   120   251   119   253 0.96 -
ArgoN_domain         -            137 XP_022332948.1_AGO2l_Crassostrea_vi -            917   4.7e-43  132.8   0.0   1   2   1.2e-42   1.2e-42  131.5   0.0     2   135    95   226    94   228 0.96 -
ArgoN_domain         -            137 XP_022332948.1_AGO2l_Crassostrea_vi -            917   4.7e-43  132.8   0.0   2   2      0.56      0.56   -3.5   0.0    53    69   304   320   277   356 0.59 -
ArgoN_domain         -            137 XP_022338751.1_piwil_Crassostrea_vi -            876   1.3e-12   34.2   0.0   1   1   3.3e-12   3.3e-12   32.9   0.0     4   108   120   214   117   227 0.74 -
ArgoN_domain         -            137 XP_022341463.1_piwil_Crassostrea_vi -            876   1.3e-12   34.2   0.0   1   1   3.3e-12   3.3e-12   32.9   0.0     4   108   120   214   117   227 0.74 -
ArgoN_domain         -            137 XP_005096149.1_piwil_Aplysia_ca -            918   8.2e-12   31.6   0.0   1   1   1.9e-11   1.9e-11   30.4   0.0     3    49   158   206   156   280 0.82 -
ArgoN_domain         -            137 XP_005107587.1_AGO2l_Aplysia_ca -            932   7.5e-45  138.6   0.0   1   1   1.5e-44   1.5e-44  137.7   0.0     2   135   103   234   102   236 0.96 -
ArgoN_domain         -            137 XP_012940110.1_piwil_Ago3_Aplysia_ca -            852   2.2e-11   30.2   0.1   1   2   7.2e-11   7.2e-11   28.6   0.1     2   108    99   194    98   214 0.76 -
ArgoN_domain         -            137 XP_012940110.1_piwil_Ago3_Aplysia_ca -            852   2.2e-11   30.2   0.1   2   2       0.3       0.3   -2.6   0.0    32    72   278   316   271   332 0.76 -
ArgoN_domain         -            137 XP_012942742.1_AGO1l_Aplysia_ca -            816   1.9e-44  137.3   0.0   1   1   3.5e-44   3.5e-44  136.4   0.0     2   135   108   239   107   241 0.96 -
ArgoN_domain         -            137 XP_041347967.1_piwil_Gigantopelta_ae -            907   1.9e-12   33.7   0.2   1   2   5.7e-12   5.7e-12   32.1   0.0     2   107   154   249   153   264 0.78 -
ArgoN_domain         -            137 XP_041347967.1_piwil_Gigantopelta_ae -            907   1.9e-12   33.7   0.2   2   2      0.46      0.46   -3.2   0.1    22    31   393   402   387   418 0.68 -
ArgoN_domain         -            137 XP_041347969.1_piwil_Gigantopelta_ae -            874   2.4e-11   30.1   0.2   1   2   1.1e-10   1.1e-10   27.9   0.0     2   107   122   217   121   231 0.76 -
ArgoN_domain         -            137 XP_041347969.1_piwil_Gigantopelta_ae -            874   2.4e-11   30.1   0.2   2   2      0.11      0.11   -1.2   0.1    21    31   360   370   348   385 0.69 -
ArgoN_domain         -            137 XP_041360921.1_AGO2l_Gigantopelta_ae -            901   9.7e-46  141.5   0.0   1   1     2e-45     2e-45  140.5   0.0     2   135    73   204    72   206 0.96 -
ArgoN_domain         -            137 XP_041362450.1_piwil_Gigantopelta_ae -            943   1.7e-11   30.6   0.0   1   1   4.2e-11   4.2e-11   29.3   0.0     2   108   193   288   192   293 0.78 -
ArgoN_domain         -            137 XP_046362549.1_AGO2l_Haliotis_rufescens -            926   2.3e-45  140.3   0.0   1   2   6.3e-45   6.3e-45  138.9   0.0     2   135    99   230    98   232 0.96 -
ArgoN_domain         -            137 XP_046362549.1_AGO2l_Haliotis_rufescens -            926   2.3e-45  140.3   0.0   2   2      0.61      0.61   -3.6   0.0    49    79   304   335   280   361 0.57 -
ArgoN_domain         -            137 XP_046371599.1_piwil_Haliotis_rufescens -            880   2.5e-13   36.5   0.0   1   1   5.7e-13   5.7e-13   35.4   0.0     2   107   126   222   125   231 0.80 -
ArgoN_domain         -            137 XP_046380743.1_piwil_Haliotis_rufescens -            932   3.9e-09   23.0   0.0   1   1   8.5e-09   8.5e-09   21.8   0.0     6   108   185   276   180   288 0.76 -
ArgoN_domain         -            137 XP_048257218.1_piwil_Haliotis_rufescens -            745   8.7e-10   25.1   0.5   1   2   4.1e-09   4.1e-09   22.9   0.0     8   107     2    91     1   106 0.74 -
ArgoN_domain         -            137 XP_048257218.1_piwil_Haliotis_rufescens -            745   8.7e-10   25.1   0.5   2   2      0.87      0.87   -4.1   0.1    22    30   233   242   226   252 0.70 -
ArgoN_domain         -            137 XP_048257294.1_piwil_Haliotis_rufescens -            674   1.3e-13   37.4   0.0   1   1   3.1e-13   3.1e-13   36.2   0.0     2   107   123   219   122   228 0.80 -
ArgoN_domain         -            137 XP_009064000.1_hypothetical_LOTGIDRAFT_Lottia_gi -            919   3.8e-47  146.1   0.0   1   1   9.8e-47   9.8e-47  144.7   0.0     2   135    96   227    95   229 0.96 -
ArgoN_domain         -            137 XP_009064630.1_hypothetical_LOTGIDRAFT_Lottia_gi -            791   1.4e-10   27.6   0.0   1   1   3.2e-10   3.2e-10   26.5   0.0     2   103    40   128    39   158 0.73 -
ArgoN_domain         -            137 XP_009065055.1_hypothetical_LOTGIDRAFT_Lottia_gi -            747   2.6e-10   26.7   0.0   1   1   6.2e-10   6.2e-10   25.5   0.0     7   106     2    90     1    98 0.77 -
ArgoN_domain         -            137 XP_045173270.1_piwil_Mercenaria_me -            871   1.5e-12   34.0   0.1   1   1   3.9e-12   3.9e-12   32.7   0.1     2   108   119   215   118   229 0.75 -
ArgoN_domain         -            137 XP_045180828.1_AGO2l_Mercenaria_me -            898     7e-43  132.2   0.0   1   1   1.8e-42   1.8e-42  130.9   0.0     2   135    82   213    81   215 0.96 -
ArgoN_domain         -            137 XP_045213847.1_piwil_Mercenaria_me -            934   3.9e-11   29.4   0.0   1   1   8.4e-11   8.4e-11   28.3   0.0     2   112   184   283   183   300 0.77 -
ArgoN_domain         -            137 XP_021356148.1_AGO2l_Mizuhopecten_ye -            914   1.3e-43  134.6   0.0   1   1   2.8e-43   2.8e-43  133.5   0.0     2   135    90   221    89   223 0.96 -
ArgoN_domain         -            137 XP_021370128.1_piwil_Mizuhopecten_ye -            961   1.7e-09   24.1   0.0   1   1   3.1e-09   3.1e-09   23.3   0.0     2   107   210   304   209   309 0.75 -
ArgoN_domain         -            137 XP_021371710.1_piwil_Mizuhopecten_ye -            878     5e-10   25.8   0.0   1   2   1.8e-09   1.8e-09   24.1   0.0     2   105   123   216   122   226 0.76 -
ArgoN_domain         -            137 XP_021371710.1_piwil_Mizuhopecten_ye -            878     5e-10   25.8   0.0   2   2      0.24      0.24   -2.3   0.0    23    46   748   772   746   781 0.80 -
ArgoN_domain         -            137 XP_014773732.1_piwil_Octopus_bi -            897   2.7e-11   29.9   0.0   1   1   6.2e-11   6.2e-11   28.8   0.0     2   105   145   237   144   243 0.75 -
ArgoN_domain         -            137 XP_014782490.1_AGO2l_Octopus_bi -            906   1.4e-43  134.5   0.0   1   1     3e-43     3e-43  133.4   0.0     2   135    83   214    82   216 0.96 -
ArgoN_domain         -            137 XP_014782617.1_AGO2l_Octopus_bi -            814     2e-44  137.2   0.0   1   1   5.3e-44   5.3e-44  135.9   0.0     2   135    48   179    47   181 0.96 -
ArgoN_domain         -            137 XP_014790611.1_piwil_Octopus_bi -            764   5.8e-13   35.3   0.0   1   1   1.6e-12   1.6e-12   33.9   0.0     2    82    32   107    31   141 0.77 -
ArgoN_domain         -            137 XP_048752930.1_piwil_Ostrea_ed -            872   2.1e-12   33.5   0.1   1   1   5.1e-12   5.1e-12   32.3   0.1     3   108   119   214   117   228 0.73 -
ArgoN_domain         -            137 XP_048760688.1_piwil_Ostrea_ed -            940   1.4e-07   17.9   0.0   1   1   2.8e-07   2.8e-07   16.9   0.0     2   106   189   282   188   287 0.73 -
ArgoN_domain         -            137 XP_048764610.1_piwil_Ostrea_ed -            941   1.4e-07   17.9   0.0   1   1   2.9e-07   2.9e-07   16.9   0.0     2   106   190   283   189   288 0.73 -
ArgoN_domain         -            137 XP_048780341.1_AGO2l_Ostrea_ed -            950   1.2e-42  131.5   0.0   1   1   2.5e-42   2.5e-42  130.4   0.0     2   135   119   250   118   252 0.96 -
ArgoN_domain         -            137 XP_048781104.1_AGO2l_Ostrea_ed -            917     5e-41  126.2   0.0   1   1   1.2e-40   1.2e-40  125.0   0.0     2   135    95   226    94   228 0.96 -
ArgoN_domain         -            137 XP_050390957.1_piwil_Patella_vu -            943   1.7e-10   27.4   0.0   1   1   3.2e-10   3.2e-10   26.5   0.0     2   108   193   288   192   299 0.74 -
ArgoN_domain         -            137 XP_050395105.1_AGO2l_Patella_vu -            921   7.3e-47  145.1   0.0   1   1   1.6e-46   1.6e-46  144.0   0.0     2   135    90   221    89   223 0.96 -
ArgoN_domain         -            137 XP_050410253.1_piwil_Patella_vu -            930   2.4e-11   30.1   0.0   1   1   5.9e-11   5.9e-11   28.8   0.0     2   108   169   266   168   272 0.76 -
ArgoN_domain         -            137 XP_033727108.1_AGO2l_Pecten_ma -            914   1.3e-46  144.3   0.0   1   1     3e-46     3e-46  143.2   0.0     2   135    90   221    89   223 0.96 -
ArgoN_domain         -            137 XP_033734243.1_piwil_Pecten_ma -            964   5.8e-10   25.6   0.0   1   1   1.1e-09   1.1e-09   24.7   0.0     2   107   213   307   212   312 0.72 -
ArgoN_domain         -            137 XP_033747281.1_piwil_Pecten_ma -            877   1.1e-09   24.8   0.0   1   2   3.3e-09   3.3e-09   23.2   0.0     2   105   123   216   122   226 0.77 -
ArgoN_domain         -            137 XP_033747281.1_piwil_Pecten_ma -            877   1.1e-09   24.8   0.0   2   2      0.38      0.38   -2.9   0.0    23    43   747   768   746   775 0.80 -
ArgoN_domain         -            137 XP_025092803.1_piwil_Pomacea_ca -            880   4.3e-12   32.5   0.1   1   2   1.5e-11   1.5e-11   30.8   0.0     2   108   127   223   126   228 0.79 -
ArgoN_domain         -            137 XP_025092803.1_piwil_Pomacea_ca -            880   4.3e-12   32.5   0.1   2   2      0.42      0.42   -3.1   0.0    27    60   306   342   298   346 0.68 -
ArgoN_domain         -            137 XP_025092974.1_AGO2l_Pomacea_ca -            896   3.2e-45  139.8   0.0   1   1   7.6e-45   7.6e-45  138.6   0.0     2   135    67   198    66   200 0.96 -
ArgoN_domain         -            137 Sgl002983-mRNA1_Saccostrea_gl -            911     1e-42  131.7   0.0   1   1   2.6e-42   2.6e-42  130.4   0.0     2   135    89   220    88   222 0.96 -
ArgoN_domain         -            137 Sgl009330-mRNA1_Saccostrea_gl -            945   1.1e-07   18.2   0.0   1   1   2.3e-07   2.3e-07   17.2   0.0     2   104   194   285   193   291 0.69 -
ArgoN_domain         -            137 Sgl015064-mRNA1_Saccostrea_gl -           1939   1.4e-22   66.5   0.2   1   2   5.4e-12   5.4e-12   32.2   0.1     5   108   143   236   140   247 0.74 -
ArgoN_domain         -            137 Sgl015064-mRNA1_Saccostrea_gl -           1939   1.4e-22   66.5   0.2   2   2   9.8e-12   9.8e-12   31.4   0.0     2   105  1171  1264  1170  1269 0.77 -
ArgoN_domain         -            137 Sgl015238-mRNA1_Saccostrea_gl -            881   9.8e-43  131.8   0.0   1   1   2.6e-42   2.6e-42  130.4   0.0     2   135    59   190    58   192 0.96 -
ArgoN_domain         -            137 Sgl020625-mRNA1_Saccostrea_gl -           1118   3.2e-54  169.0   0.0   1   2     3e-43     3e-43  133.4   0.0     2   135   113   244   112   246 0.96 -
ArgoN_domain         -            137 Sgl020625-mRNA1_Saccostrea_gl -           1118   3.2e-54  169.0   0.0   2   2   3.3e-12   3.3e-12   32.9   0.1    75   135   269   327   259   329 0.87 -
ArgoN_domain         -            137 XP_012792763.2_Argonaute1_Schistosoma_ha -           1043   1.3e-39  121.6   0.0   1   1   2.9e-39   2.9e-39  120.5   0.0     3   135   220   351   218   353 0.94 -
ArgoN_domain         -            137 XP_051074538.1_Argonaute2_Schistosoma_ha -            943   2.9e-12   33.1   0.0   1   1   7.6e-12   7.6e-12   31.7   0.0     2   136   142   285   141   286 0.73 -
ArgoN_domain         -            137 XP_051074541.1_Argonaute2_Schistosoma_ha -            932   5.2e-15   42.0   0.0   1   2   4.9e-14   4.9e-14   38.8   0.0     2   135   132   276   131   278 0.81 -
ArgoN_domain         -            137 XP_051074541.1_Argonaute2_Schistosoma_ha -            932   5.2e-15   42.0   0.0   2   2     0.036     0.036    0.4   0.0    17    43   703   733   697   750 0.74 -
ArgoN_domain         -            137 XP_024345482.1_argonaute-3_Echinococcus_gr -           1054   6.8e-13   35.1   0.0   1   1   1.2e-12   1.2e-12   34.3   0.0     2   134   263   401   262   404 0.79 -
ArgoN_domain         -            137 XP_024349713.1_argonaute-2_Echinococcus_gr -           1133   1.1e-39  121.9   0.0   1   1   2.5e-39   2.5e-39  120.7   0.0     2   135   308   440   307   442 0.95 -
ArgoN_domain         -            137 XP_009013929.1_hypothetical_HELRODRAFT_partial_Helobdella_ro -            769   6.6e-07   15.7   0.0   1   1   1.5e-06   1.5e-06   14.5   0.0     2    73     6    74     5   104 0.62 -
ArgoN_domain         -            137 XP_009019424.1_hypothetical_HELRODRAFT_Helobdella_ro -            847   7.8e-45  138.6   0.0   1   1   2.5e-44   2.5e-44  136.9   0.0     2   135    26   157    25   159 0.96 -
ArgoN_domain         -            137 XP_009019770.1_hypothetical_HELRODRAFT_partial_Helobdella_ro -            743   1.3e-06   14.8   0.0   1   1   3.9e-06   3.9e-06   13.2   0.0     9    72     1    58     1    77 0.79 -
ArgoN_domain         -            137 XP_009030064.1_hypothetical_HELRODRAFT_Helobdella_ro -            688   3.5e-31   94.3   0.0   1   1     1e-30     1e-30   92.9   0.0     2   129   239   372   238   380 0.85 -
ArgoN_domain         -            137 XP_013389895.1_piwil_Lingula_an -            938   8.1e-09   21.9   0.0   1   1   2.2e-08   2.2e-08   20.5   0.0     2   103   156   249   155   268 0.72 -
ArgoN_domain         -            137 XP_013405373.1_piwil_Lingula_an -           1323   1.9e-20   59.6   0.0   1   2   7.6e-11   7.6e-11   28.5   0.0     2   107   144   239   143   253 0.76 -
ArgoN_domain         -            137 XP_013405373.1_piwil_Lingula_an -           1323   1.9e-20   59.6   0.0   2   2   7.6e-11   7.6e-11   28.5   0.0     2   107   572   667   571   681 0.76 -
ArgoN_domain         -            137 XP_013411423.1_Ago3_Lingula_an -            937   2.7e-11   30.0   0.1   1   1   6.9e-11   6.9e-11   28.6   0.1     2   111   183   281   182   285 0.77 -
ArgoN_domain         -            137 XP_013421307.1_argonaute-2_Lingula_an -           1046   1.2e-45  141.2   0.0   1   1   2.6e-45   2.6e-45  140.1   0.0     2   135   209   340   208   342 0.96 -
ArgoN_domain         -            137 XP_009165314.1_hypothetical_T265_02735_Opisthorchis_vi -           1013   1.7e-38  118.0   0.0   1   1   3.7e-38   3.7e-38  116.9   0.0     2   135   189   321   188   323 0.95 -
ArgoN_domain         -            137 XP_009168722.1_hypothetical_T265_13773_partial_Opisthorchis_vi -           1160   8.7e-16   44.5   0.0   1   2   3.5e-15   3.5e-15   42.5   0.0     2   135   334   477   333   479 0.74 -
ArgoN_domain         -            137 XP_009168722.1_hypothetical_T265_13773_partial_Opisthorchis_vi -           1160   8.7e-16   44.5   0.0   2   2      0.14      0.14   -1.6   0.0    17    43   930   956   924   966 0.67 -
ArgoN_domain         -            137 XP_009171145.1_hypothetical_T265_07377_Opisthorchis_vi -           1272   3.4e-12   32.9   0.1   1   3   1.1e-10   1.1e-10   28.0   0.0     2   135   230   373   229   375 0.74 -
ArgoN_domain         -            137 XP_009171145.1_hypothetical_T265_07377_Opisthorchis_vi -           1272   3.4e-12   32.9   0.1   2   3     0.051     0.051   -0.1   0.0    17    42   800   829   794   836 0.76 -
ArgoN_domain         -            137 XP_009171145.1_hypothetical_T265_07377_Opisthorchis_vi -           1272   3.4e-12   32.9   0.1   3   3     0.051     0.051   -0.1   0.0    17    42  1043  1072  1037  1079 0.76 -
ArgoN_domain         -            137 XP_050090510.1_AUBlike_Anopheles_aq -            813   1.4e-10   27.6   0.0   1   1   3.9e-10   3.9e-10   26.2   0.0     2   110    61   158    60   180 0.77 -
ArgoN_domain         -            137 XP_050093639.1_AUBlike_Anopheles_aq -            854     7e-11   28.6   0.0   1   1   1.5e-10   1.5e-10   27.6   0.0     2   110   103   200   102   222 0.79 -
ArgoN_domain         -            137 XP_050095446.1_Argo2_Anopheles_aq -           1048   1.7e-28   85.6   0.0   1   2   6.3e-28   6.3e-28   83.8   0.0     3   135   235   362   233   364 0.91 -
ArgoN_domain         -            137 XP_050095446.1_Argo2_Anopheles_aq -           1048   1.7e-28   85.6   0.0   2   2      0.52      0.52   -3.4   0.0    99   115  1017  1032  1010  1040 0.75 -
ArgoN_domain         -            137 XP_050095807.1_Argo2_Anopheles_aq -            957     1e-40  125.2   0.0   1   1   2.1e-40   2.1e-40  124.2   0.0     2   135   120   250   119   252 0.95 -
ArgoN_domain         -            137 XP_033628436.1_piwilike_Asterias_ru -            882   1.8e-09   24.0   0.0   1   1   5.3e-09   5.3e-09   22.5   0.0     2   106   131   225   130   241 0.71 -
ArgoN_domain         -            137 XP_033640928.1_Argo2like_Asterias_ru -            906   1.3e-40  124.9   0.0   1   1   2.7e-40   2.7e-40  123.9   0.0     2   135    68   198    67   200 0.95 -
ArgoN_domain         -            137 XP_033643845.1_piwilike_Asterias_ru -            962   6.7e-09   22.2   0.2   1   1   2.2e-08   2.2e-08   20.5   0.2     3   108   213   307   211   319 0.75 -
ArgoN_domain         -            137 NP_001239488.1_Argo4_Danio_re -            863   1.3e-41  128.1   0.0   1   1   3.1e-41   3.1e-41  126.9   0.0     2   135    28   159    27   161 0.96 -
ArgoN_domain         -            137 NP_001289161.1_Argo3_Danio_re -            867   3.3e-37  113.9   0.0   1   1   6.9e-37   6.9e-37  112.8   0.0     2   135    28   168    27   170 0.92 -
ArgoN_domain         -            137 NP_899181.1_piwilike_Danio_re -            858   9.5e-10   24.9   0.0   1   1   2.2e-09   2.2e-09   23.7   0.0     2   107   108   202   107   212 0.77 -
ArgoN_domain         -            137 XP_005158529.2_Argo1_Danio_re -            871   1.4e-38  118.3   0.0   1   1   2.7e-38   2.7e-38  117.4   0.0     2   135    35   166    34   168 0.95 -
ArgoN_domain         -            137 XP_005159513.1_Argo3_Danio_re -            867   8.4e-39  119.0   0.0   1   1   1.7e-38   1.7e-38  118.0   0.0     2   135    28   168    27   170 0.93 -
ArgoN_domain         -            137 XP_009292643.1_Argo2_Danio_re -            898     6e-43  132.5   0.0   1   1   1.4e-42   1.4e-42  131.2   0.0     2   135    50   181    49   183 0.96 -
ArgoN_domain         -            137 XP_021331982.1_piwilike_Danio_re -           1046   1.8e-08   20.8   0.0   1   2   5.7e-08   5.7e-08   19.2   0.0     3   107   296   388   294   390 0.76 -
ArgoN_domain         -            137 XP_021331982.1_piwilike_Danio_re -           1046   1.8e-08   20.8   0.0   2   2      0.71      0.71   -3.8   0.0    90   120   586   616   572   621 0.71 -
ArgoN_domain         -            137 NP_001026071.2_Argo3_Gallus_ga -            860   6.7e-37  112.9   0.0   1   1   1.4e-36   1.4e-36  111.9   0.0     2   135    28   168    27   170 0.91 -
ArgoN_domain         -            137 NP_001092322.1_piwilike_Gallus_ga -            867   4.8e-12   32.4   0.0   1   1   1.2e-11   1.2e-11   31.1   0.0     4   107   120   212   117   227 0.78 -
ArgoN_domain         -            137 NP_001304141.1_Argo1_Gallus_ga -            857   7.5e-40  122.4   0.0   1   1   1.6e-39   1.6e-39  121.4   0.0     2   135    34   165    33   167 0.95 -
ArgoN_domain         -            137 NP_001383409.1_Argo4_Gallus_ga -            861   2.4e-42  130.5   0.0   1   1   5.5e-42   5.5e-42  129.3   0.0     2   135    26   157    25   159 0.96 -
ArgoN_domain         -            137 XP_040529398.1_Argo2_Gallus_ga -            864   3.2e-42  130.1   0.0   1   1   7.9e-42   7.9e-42  128.8   0.0     2   135    40   172    39   174 0.96 -
ArgoN_domain         -            137 XP_024499485.1_Strongyloides_ratti -            966   1.3e-37  115.1   0.0   1   1   2.9e-37   2.9e-37  114.1   0.0     2   135   129   260   128   262 0.96 -
ArgoN_domain         -            137 XP_024500338.1_Strongyloides_ratti -            956   3.7e-32   97.5   0.0   1   1     9e-32     9e-32   96.3   0.0     2   135   122   253   121   255 0.94 -
ArgoN_domain         -            137 XP_024503171.1_Strongyloides_ratti -            893   7.7e-08   18.8   0.3   1   3     4e-06     4e-06   13.2   0.0    49   103    73   131    11   144 0.73 -
ArgoN_domain         -            137 XP_024503171.1_Strongyloides_ratti -            893   7.7e-08   18.8   0.3   2   3      0.18      0.18   -1.9   0.0    88   116   241   269   215   272 0.68 -
ArgoN_domain         -            137 XP_024503171.1_Strongyloides_ratti -            893   7.7e-08   18.8   0.3   3   3      0.02      0.02    1.2   0.0    53    87   576   610   557   636 0.79 -
ArgoN_domain         -            137 XP_024504884.1_Strongyloides_ratti -           1170   2.3e-19   56.1   0.1   1   1   4.5e-19   4.5e-19   55.1   0.1     2   135   169   308   168   310 0.84 -
ArgoN_domain         -            137 XP_024506241.1_Strongyloides_ratti -            871   1.7e-08   20.9   3.9   1   3   1.7e-08   1.7e-08   20.9   3.9     2   115    47   163    46   176 0.70 -
ArgoN_domain         -            137 XP_024506241.1_Strongyloides_ratti -            871   1.7e-08   20.9   3.9   2   3      0.64      0.64   -3.7   0.0    22    59   412   445   396   475 0.63 -
ArgoN_domain         -            137 XP_024506241.1_Strongyloides_ratti -            871   1.7e-08   20.9   3.9   3   3      0.32      0.32   -2.7   0.0    27    64   462   504   444   504 0.61 -
ArgoN_domain         -            137 XP_024508426.1_Strongyloides_ratti -            935   1.6e-37  114.9   0.1   1   1   3.4e-37   3.4e-37  113.8   0.1     2   135   102   233   101   235 0.95 -
ArgoN_domain         -            137 Bugula_ne_g13160.t1  -            768   7.7e-09   22.0   0.3   1   2   1.6e-07   1.6e-07   17.7   0.1     4   107    12   104     9   129 0.64 -
ArgoN_domain         -            137 Bugula_ne_g13160.t1  -            768   7.7e-09   22.0   0.3   2   2     0.021     0.021    1.1   0.0    51    82   173   205   164   230 0.70 -
ArgoN_domain         -            137 Bugula_ne_g27968.t1  -            901   9.2e-43  131.9   0.0   1   1   2.4e-42   2.4e-42  130.5   0.0     2   135    78   209    77   211 0.96 -
ArgoN_domain         -            137 Bugula_ne_g27971.t1  -            621   1.8e-25   75.9   0.0   1   1   3.9e-25   3.9e-25   74.7   0.0     3   135    74   202    72   204 0.90 -
ArgoN_domain         -            137 Bugula_ne_g27974.t1  -           1003   3.3e-54  168.9   0.0   1   2     2e-30     2e-30   91.9   0.0     3   135    30   160    28   162 0.91 -
ArgoN_domain         -            137 Bugula_ne_g27974.t1  -           1003   3.3e-54  168.9   0.0   2   2   5.3e-25   5.3e-25   74.3   0.0     3   135   190   318   188   320 0.89 -
ArgoN_domain         -            137 Bugula_ne_g11858.t1  -            880   7.5e-11   28.5   0.0   1   1   1.6e-10   1.6e-10   27.4   0.0     2   106   126   221   125   248 0.83 -
ArgoN_domain         -            137 Euprymna_sc_g53438.t1 -           1027   1.9e-12   33.7   0.0   1   1   4.4e-12   4.4e-12   32.5   0.0     2   103   315   406   314   421 0.80 -
ArgoN_domain         -            137 Euprymna_sc_g41641.t1 -            877   7.8e-44  135.3   0.0   1   1   1.7e-43   1.7e-43  134.2   0.0     2   135    82   213    81   215 0.96 -
ArgoN_domain         -            137 Euprymna_sc_g22415.t1 -            824   6.6e-11   28.7   0.1   1   1   1.7e-10   1.7e-10   27.3   0.1     2   107   189   283   188   290 0.69 -
ArgoN_domain         -            137 Piscicola_ge_g17355.t1 -           1000   4.1e-35  107.1   0.0   1   1   1.1e-34   1.1e-34  105.7   0.0     3   135   152   278   150   280 0.93 -
ArgoN_domain         -            137 Piscicola_ge_g18182.t1 -            920   5.8e-44  135.8   0.1   1   2     2e-43     2e-43  134.0   0.0     2   135    73   204    72   206 0.96 -
ArgoN_domain         -            137 Piscicola_ge_g18182.t1 -            920   5.8e-44  135.8   0.1   2   2      0.56      0.56   -3.5   0.0    37    68   289   321   277   343 0.62 -
ArgoN_domain         -            137 Piscicola_ge_g18314.t1 -           1062   9.1e-09   21.8   0.0   1   1   7.2e-08   7.2e-08   18.8   0.0     8    83    75   144    72   184 0.76 -
ArgoN_domain         -            137 Piscicola_ge_g18397.t1 -            951   3.4e-10   26.4   0.0   1   1   2.4e-09   2.4e-09   23.6   0.0     2    88   198   288   197   315 0.71 -
ArgoN_domain         -            137 Piscicola_ge_g211.t1 -            871   3.3e-13   36.1   0.0   1   2     1e-12     1e-12   34.5   0.0     2   108   100   199    99   207 0.81 -
ArgoN_domain         -            137 Piscicola_ge_g211.t1 -            871   3.3e-13   36.1   0.0   2   2      0.36      0.36   -2.9   0.0    46    83   468   506   461   541 0.58 -
ArgoN_domain         -            137 Taenia_pi_g2482.t1   -            994   6.5e-10   25.5   0.0   1   2   2.1e-09   2.1e-09   23.8   0.0     2   134   203   341   202   344 0.71 -
ArgoN_domain         -            137 Taenia_pi_g2482.t1   -            994   6.5e-10   25.5   0.0   2   2       0.3       0.3   -2.6   0.0    58    83   547   573   526   586 0.76 -
ArgoN_domain         -            137 Taenia_pi_g2485.t1   -            994   6.5e-10   25.5   0.0   1   2   2.1e-09   2.1e-09   23.8   0.0     2   134   203   341   202   344 0.71 -
ArgoN_domain         -            137 Taenia_pi_g2485.t1   -            994   6.5e-10   25.5   0.0   2   2       0.3       0.3   -2.6   0.0    58    83   547   573   526   586 0.76 -
ArgoN_domain         -            137 Taenia_pi_g612.t1    -            982     2e-39  121.0   0.0   1   1   4.7e-39   4.7e-39  119.9   0.0     2   135   157   289   156   291 0.95 -
ArgoN_domain         -            137 Taenia_pi_g970.t1    -           1029   3.9e-08   19.7   0.0   1   1   8.3e-08   8.3e-08   18.6   0.0     4   131   226   359   223   365 0.72 -
ArgoN_domain         -            137 Taenia_pi_g977.t1    -            857   4.8e-10   25.9   0.0   1   2   1.7e-09   1.7e-09   24.1   0.0     2   134    54   192    53   195 0.71 -
ArgoN_domain         -            137 Taenia_pi_g977.t1    -            857   4.8e-10   25.9   0.0   2   2      0.23      0.23   -2.2   0.0    58    83   456   482   434   496 0.76 -
ArgoN_domain         -            137 Lineus_lo_g5923.t1   -            935     7e-08   18.9   0.0   1   1   3.4e-07   3.4e-07   16.7   0.0     2   105   177   269   176   286 0.73 -
ArgoN_domain         -            137 Lineus_lo_g35952.t1  -            926   3.1e-08   20.0   0.0   1   1     8e-08     8e-08   18.7   0.0     3    80   173   246   171   269 0.65 -
ArgoN_domain         -            137 Lineus_lo_g32474.t4  -            935   2.8e-44  136.8   0.0   1   1   6.2e-44   6.2e-44  135.6   0.0     2   135    70   202    69   204 0.95 -
ArgoN_domain         -            137 Lineus_lo_g32475.t1  -            899     2e-44  137.3   0.0   1   1   4.7e-44   4.7e-44  136.0   0.0     2   135    76   207    75   209 0.96 -
ArgoN_domain         -            137 Acanthopleura_gr_g13683.t1 -            951   1.3e-11   31.0   0.0   1   1   2.9e-11   2.9e-11   29.8   0.0     2   111   199   297   198   314 0.75 -
ArgoN_domain         -            137 Acanthopleura_gr_g28620.t4 -            862   1.5e-44  137.6   0.0   1   1   4.1e-44   4.1e-44  136.2   0.0     6   135     2   129     1   131 0.96 -
ArgoN_domain         -            137 Acanthopleura_gr_g1430.t1 -            870     5e-08   19.3   0.0   1   1   1.3e-07   1.3e-07   18.0   0.0     3   108   113   215   111   229 0.76 -
ArgoN_domain         -            137 Cristatella_mu_g25166.t1 -            500   1.9e-07   17.5   0.0   1   1     4e-07     4e-07   16.4   0.0     7    84    51   126    46   168 0.73 -
ArgoN_domain         -            137 Schmidtea_me_g108315.t1 -            775     2e-12   33.6   0.8   1   2     1e-11     1e-11   31.3   0.0    57   135     2    82     1    84 0.82 -
ArgoN_domain         -            137 Schmidtea_me_g108315.t1 -            775     2e-12   33.6   0.8   2   2       0.1       0.1   -1.1   0.6     6    60   129   190   126   231 0.49 -
ArgoN_domain         -            137 Schmidtea_me_g108326.t1 -            844   4.4e-09   22.8   1.2   1   4   2.9e-08   2.9e-08   20.1   0.0    56   135     5    85     1    87 0.83 -
ArgoN_domain         -            137 Schmidtea_me_g108326.t1 -            844   4.4e-09   22.8   1.2   2   4      0.12      0.12   -1.3   0.0   109   127   214   232   177   293 0.64 -
ArgoN_domain         -            137 Schmidtea_me_g108326.t1 -            844   4.4e-09   22.8   1.2   3   4      0.92      0.92   -4.2   0.0    18    31   564   578   559   588 0.64 -
ArgoN_domain         -            137 Schmidtea_me_g108326.t1 -            844   4.4e-09   22.8   1.2   4   4      0.48      0.48   -3.3   0.0    97   131   784   816   761   820 0.63 -
ArgoN_domain         -            137 Schmidtea_me_g111713.t1 -            974   1.1e-12   34.5   0.2   1   1     3e-12     3e-12   33.0   0.2     4   108   212   309   210   314 0.82 -
ArgoN_domain         -            137 Schmidtea_me_g9618.t1 -            890     8e-39  119.1   0.0   1   1   2.2e-38   2.2e-38  117.7   0.0     2   135    68   200    67   202 0.95 -
ArgoN_domain         -            137 Schmidtea_me_g9618.t2 -           1093   1.1e-38  118.6   0.0   1   1     3e-38     3e-38  117.2   0.0     2   135   271   403   270   405 0.95 -
ArgoN_domain         -            137 Phoronis_au_g11987.t1 -           1011   6.4e-44  135.6   0.0   1   1   1.7e-43   1.7e-43  134.2   0.0     2   135   108   239   107   241 0.96 -
ArgoN_domain         -            137 Phoronis_au_g4140.t1 -            953   8.7e-09   21.8   0.0   1   1   2.2e-08   2.2e-08   20.5   0.0     3   109   203   298   201   309 0.77 -
ArgoN_domain         -            137 Phoronis_au_g12513.t1 -            907   6.3e-11   28.7   0.0   1   1   1.3e-10   1.3e-10   27.7   0.0     3   108   157   252   155   261 0.71 -
ArgoN_domain         -            137 Membranipora_me_g5368.t1 -           1000   1.1e-44  138.0   0.0   1   1   2.7e-44   2.7e-44  136.8   0.0     2   135   177   308   176   310 0.96 -
ArgoN_domain         -            137 Membranipora_me_g7495.t1 -            769   1.8e-10   27.3   0.1   1   2   7.4e-09   7.4e-09   22.0   0.1     3   113    12   110    11   130 0.75 -
ArgoN_domain         -            137 Membranipora_me_g7495.t1 -            769   1.8e-10   27.3   0.1   2   2    0.0097    0.0097    2.2   0.0    51    77   174   200   165   224 0.73 -
ArgoN_domain         -            137 Membranipora_me_g18527.t1 -            880   1.9e-12   33.6   0.0   1   1     4e-12     4e-12   32.6   0.0     3   107   124   217   122   231 0.78 -
ArgoN_domain         -            137 Pomphorhynchus_la_g32502.t1 -            925   6.7e-13   35.1   0.1   1   1   1.9e-12   1.9e-12   33.7   0.1     3   109    87   193    85   196 0.78 -
ArgoN_domain         -            137 Pomphorhynchus_la_g1879.t1 -            827   3.4e-12   32.9   0.0   1   1   1.3e-11   1.3e-11   31.0   0.0     2   108    79   181    78   185 0.72 -
ArgoN_domain         -            137 Pomphorhynchus_la_g27685.t1 -            840   5.6e-13   35.4   0.1   1   1   1.7e-12   1.7e-12   33.9   0.1     3   109    87   193    85   196 0.78 -
ArgoN_domain         -            137 Bugulina_st_g3873.t1 -            903     5e-13   35.5   0.0   1   2   5.5e-12   5.5e-12   32.2   0.0     2   106   145   239   144   246 0.74 -
ArgoN_domain         -            137 Bugulina_st_g3873.t1 -            903     5e-13   35.5   0.0   2   2     0.035     0.035    0.4   0.0    37    83   506   542   471   577 0.69 -
ArgoN_domain         -            137 Bugulina_st_g10733.t1 -           1384   1.1e-43  134.8   0.0   1   1   2.5e-43   2.5e-43  133.7   0.0     2   135   561   692   560   694 0.96 -
ArgoN_domain         -            137 Bugulina_st_g11463.t1 -            765   9.8e-08   18.4   0.3   1   2   3.5e-07   3.5e-07   16.6   0.1     4   108     9   102     8   126 0.67 -
ArgoN_domain         -            137 Bugulina_st_g11463.t1 -            765   9.8e-08   18.4   0.3   2   2      0.37      0.37   -2.9   0.0    23    44   178   204   176   216 0.65 -
ArgoN_domain         -            137 Alitta_vi_g48504.t1  -            979   9.3e-10   25.0   0.0   1   1   2.2e-09   2.2e-09   23.7   0.0     2   108   226   320   225   326 0.77 -
ArgoN_domain         -            137 Alitta_vi_g52024.t1  -            869   3.6e-12   32.8   0.0   1   1   8.1e-12   8.1e-12   31.6   0.0     2   107   118   212   117   219 0.76 -
ArgoN_domain         -            137 Alitta_vi_g27014.t1  -           1438   2.6e-45  140.1   0.0   1   1   5.7e-45   5.7e-45  139.0   0.0     2   135   615   746   614   748 0.96 -
ArgoN_domain         -            137 Acropora_mu_g1782.t1 -            968   1.4e-11   30.9   0.0   1   2   5.6e-11   5.6e-11   28.9   0.0     2   113   217   317   216   319 0.76 -
ArgoN_domain         -            137 Acropora_mu_g1782.t1 -            968   1.4e-11   30.9   0.0   2   2     0.045     0.045    0.1   0.0   123   136   310   323   308   324 0.86 -
ArgoN_domain         -            137 Acropora_mu_g13147.t1 -            869   2.3e-12   33.4   0.0   1   1     6e-12     6e-12   32.1   0.0     3   102   112   200   110   220 0.76 -
ArgoN_domain         -            137 Acropora_mu_g38047.t1 -            753   3.6e-15   42.5   0.1   1   1   7.8e-15   7.8e-15   41.4   0.1    77   135     3    57     1    59 0.92 -
ArgoN_domain         -            137 Acropora_mu_g38099.t1 -           1013   8.5e-39  119.0   0.0   1   1   1.7e-38   1.7e-38  118.0   0.0     2   136   197   330   196   331 0.93 -
ArgoN_domain         -            137 Cryptosula_pa_g31140.t1 -            834   9.6e-21   60.5   0.0   1   1   1.7e-20   1.7e-20   59.8   0.0     2   113    37   142    36   161 0.82 -
ArgoN_domain         -            137 Cryptosula_pa_g50438.t1 -            879   3.2e-11   29.7   0.0   1   1   8.7e-11   8.7e-11   28.3   0.0     4   107   124   217   122   231 0.78 -
ArgoN_domain         -            137 Cryptosula_pa_g13090.t1 -            600   2.2e-09   23.8   0.0   1   1   5.7e-09   5.7e-09   22.4   0.0     3   107    11   104     9   129 0.72 -
ArgoN_domain         -            137 Cryptosula_pa_g14273.t1 -            872   7.7e-45  138.6   0.0   1   2     2e-44     2e-44  137.2   0.0     2   135    49   180    48   182 0.96 -
ArgoN_domain         -            137 Cryptosula_pa_g14273.t1 -            872   7.7e-45  138.6   0.0   2   2      0.53      0.53   -3.4   0.0    51    68   256   273   229   298 0.53 -
ArgoN_domain         -            137 Notospermus_ge_g52577.t1 -           1002   2.1e-10   27.1   0.0   1   1   5.5e-10   5.5e-10   25.7   0.0     2    73   248   313   247   364 0.70 -
ArgoN_domain         -            137 Notospermus_ge_g24581.t1 -           1580   7.9e-29   86.7   0.0   1   1   2.4e-28   2.4e-28   85.2   0.0     3   135   279   418   277   420 0.89 -
ArgoN_domain         -            137 Notospermus_ge_g8857.t1 -            923   2.4e-08   20.4   0.0   1   1   5.9e-08   5.9e-08   19.1   0.0     2   103   170   260   169   278 0.73 -
ArgoN_domain         -            137 Notospermus_ge_g15602.t1 -            891   2.2e-10   27.0   0.0   1   1   5.4e-10   5.4e-10   25.7   0.0     2    73   249   314   248   365 0.71 -
ArgoN_domain         -            137 Notospermus_ge_g18962.t1 -            648   4.8e-43  132.8   0.0   1   1   9.7e-43   9.7e-43  131.8   0.0     2   135   100   232    99   234 0.95 -
ArgoN_domain         -            137 Malacobdella_gr_comp26890_c0_seq1.p1 -            884   1.4e-08   21.2   0.1   1   1   3.9e-08   3.9e-08   19.7   0.1     2   106   127   220   126   236 0.76 -
ArgoN_domain         -            137 Malacobdella_gr_comp30800_c0_seq1.p1 -            773   2.6e-12   33.2   0.0   1   1   6.6e-12   6.6e-12   31.9   0.0     3   107    21   115    19   124 0.80 -
ArgoN_domain         -            137 Malacobdella_gr_comp30892_c0_seq10.p1 -            800     1e-26   79.9   0.1   1   2   3.3e-26   3.3e-26   78.2   0.0     2   135   154   304   153   306 0.85 -
ArgoN_domain         -            137 Malacobdella_gr_comp30892_c0_seq10.p1 -            800     1e-26   79.9   0.1   2   2      0.54      0.54   -3.4   0.0    34    47   510   523   500   535 0.68 -
ArgoN_domain         -            137 Malacobdella_gr_comp30892_c0_seq11.p1 -            806   4.7e-29   87.5   0.1   1   2   1.5e-28   1.5e-28   85.8   0.1     2   135   162   310   161   312 0.88 -
ArgoN_domain         -            137 Malacobdella_gr_comp30892_c0_seq11.p1 -            806   4.7e-29   87.5   0.1   2   2      0.54      0.54   -3.4   0.0    34    47   516   529   506   541 0.68 -
ArgoN_domain         -            137 Paranemertes_pe_comp34412_c0_seq1_len_2745.p1 -            740   1.4e-08   21.1   0.3   1   2   4.4e-08   4.4e-08   19.5   0.0    89   135     7    51     2    53 0.89 -
ArgoN_domain         -            137 Paranemertes_pe_comp34412_c0_seq1_len_2745.p1 -            740   1.4e-08   21.1   0.3   2   2      0.45      0.45   -3.2   0.1    91   102   164   175   139   202 0.55 -
ArgoN_domain         -            137 Paranemertes_pe_comp34412_c0_seq5_len_1293.p1 -            430   5.4e-09   22.5   0.2   1   2   2.2e-08   2.2e-08   20.5   0.0    89   135     7    51     2    53 0.89 -
ArgoN_domain         -            137 Paranemertes_pe_comp34412_c0_seq5_len_1293.p1 -            430   5.4e-09   22.5   0.2   2   2      0.13      0.13   -1.4   0.1    92   101   165   174    99   205 0.64 -
ArgoN_domain         -            137 Pedicellina_ce_comp23181_c0_seq1.p1 -            767   2.7e-06   13.8   0.0   1   1   5.2e-06   5.2e-06   12.8   0.0    93   135    15    55     2    57 0.86 -
ArgoN_domain         -            137 Pedicellina_ce_comp35143_c0_seq1.p1 -            918     2e-43  134.0   0.0   1   1   4.2e-43   4.2e-43  133.0   0.0     2   135    94   225    93   227 0.96 -
ArgoN_domain         -            137 Phoronis_va_comp76330_c0_seq1.p1 -            715   1.6e-10   27.4   0.1   1   1   4.7e-10   4.7e-10   25.9   0.1     2   109   198   294   197   305 0.79 -
ArgoN_domain         -            137 Phoronis_va_comp96016_c0_seq1.p1 -            875   1.2e-09   24.6   0.0   1   1   2.9e-09   2.9e-09   23.4   0.0     2   108   124   220   123   227 0.70 -
ArgoN_domain         -            137 Tubulanus_po_S_22_1023.p1 -            877   1.8e-11   30.5   0.0   1   1   4.1e-11   4.1e-11   29.4   0.0     4   108   129   223   126   234 0.79 -
ArgoN_domain         -            137 Tubulanus_po_S_22_4697.p1 -            875   5.6e-10   25.7   0.0   1   1   1.4e-09   1.4e-09   24.4   0.0     3   105   128   220   126   238 0.67 -
ArgoN_domain         -            137 Tubulanus_po_S_22_804.p1 -           1065   1.8e-39  121.2   0.3   1   2      0.35      0.35   -2.8   0.0    93   118    51    76    34    80 0.78 -
ArgoN_domain         -            137 Tubulanus_po_S_22_804.p1 -           1065   1.8e-39  121.2   0.3   2   2   5.1e-39   5.1e-39  119.7   0.1     2   135   244   373   243   375 0.93 -
ArgoN_domain         -            137 Barentsia_sp_TRINITY_DN9366_c0_g1_i1.p1 -            918   4.2e-32   97.3   0.0   1   1   9.2e-32   9.2e-32   96.2   0.0     2   135    47   180    46   182 0.90 -
ArgoN_domain         -            137 Barentsia_sp_TRINITY_DN9375_c1_g2_i1.p1 -            729   3.6e-11   29.5   0.3   1   2   3.3e-10   3.3e-10   26.4   0.3     2   118    89   237    88   279 0.68 -
ArgoN_domain         -            137 Barentsia_sp_TRINITY_DN9375_c1_g2_i1.p1 -            729   3.6e-11   29.5   0.3   2   2      0.42      0.42   -3.1   0.0    89   118   545   574   534   578 0.79 -
ArgoN_domain         -            137 Barentsia_sp_TRINITY_DN9949_c1_g1_i1.p1 -            823   1.5e-10   27.5   0.0   1   1   4.1e-10   4.1e-10   26.1   0.0     3    72    75   140    73   179 0.68 -
ArgoN_domain         -            137 Brachionus_as_g16357.t1 -           1138   2.5e-37  114.2   0.0   1   2         1         1   -7.1   6.6    35    54   172   192   138   238 0.58 -
ArgoN_domain         -            137 Brachionus_as_g16357.t1 -           1138   2.5e-37  114.2   0.0   2   2   2.5e-37   2.5e-37  114.2   0.0     2   135   272   403   271   405 0.93 -
ArgoN_domain         -            137 Brachionus_as_g22338.t1 -            896   8.1e-13   34.9   0.0   1   2   5.1e-12   5.1e-12   32.3   0.0     2   106   144   238   143   242 0.76 -
ArgoN_domain         -            137 Brachionus_as_g22338.t1 -            896   8.1e-13   34.9   0.0   2   2      0.26      0.26   -2.4   0.0    58   103   602   646   577   649 0.63 -
ArgoN_domain         -            137 Brachionus_as_g7126.t1 -            924   1.5e-11   30.7   0.2   1   1   9.9e-11   9.9e-11   28.1   0.2     3    98   153   238   151   262 0.66 -
ArgoN_domain         -            137 Brachionus_as_g21154.t1 -            953   2.5e-16   46.2   0.9   1   1   7.3e-16   7.3e-16   44.7   0.9     2    83   144   235   143   275 0.65 -
ArgoN_domain         -            137 Brachionus_as_g12780.t1 -            869   1.1e-09   24.7   1.3   1   2   2.5e-09   2.5e-09   23.6   0.1     3   108   105   199   103   213 0.75 -
ArgoN_domain         -            137 Brachionus_as_g12780.t1 -            869   1.1e-09   24.7   1.3   2   2      0.21      0.21   -2.1   0.1    18    68   235   285   228   294 0.64 -
ArgoN_domain         -            137 Brachionus_as_g12429.t2 -            823     7e-17   48.0   0.2   1   1   1.6e-16   1.6e-16   46.9   0.2     3    86    49   138    47   177 0.76 -
ArgoN_domain         -            137 Adineta_ri_g21406.t1 -           1485   3.2e-13   36.2   0.2   1   1     1e-12     1e-12   34.5   0.2     3   134   111   244   109   247 0.80 -
ArgoN_domain         -            137 Adineta_ri_g10188.t1 -            790     1e-07   18.3   0.0   1   2   3.9e-07   3.9e-07   16.5   0.0     2   104    87   175    86   183 0.67 -
ArgoN_domain         -            137 Adineta_ri_g10188.t1 -            790     1e-07   18.3   0.0   2   2      0.35      0.35   -2.8   0.1    93   101   324   332   284   348 0.58 -
ArgoN_domain         -            137 Adineta_ri_g10191.t1 -            832   2.2e-07   17.3   0.0   1   2   7.8e-07   7.8e-07   15.5   0.0     2   106    76   166    75   172 0.68 -
ArgoN_domain         -            137 Adineta_ri_g10191.t1 -            832   2.2e-07   17.3   0.0   2   2      0.48      0.48   -3.2   0.1    93   101   313   321   274   336 0.59 -
ArgoN_domain         -            137 Adineta_ri_g6770.t1  -           1420   2.5e-14   39.7   0.6   1   1     7e-14     7e-14   38.3   0.6     2   134   571   703   570   706 0.84 -
ArgoN_domain         -            137 Adineta_ri_g6362.t1  -            937   5.5e-20   58.1   0.2   1   1   1.1e-19   1.1e-19   57.2   0.2     2   134   104   235   103   238 0.84 -
ArgoN_domain         -            137 Adineta_ri_g13310.t1 -            959   9.2e-13   34.7   2.5   1   3   1.2e-12   1.2e-12   34.3   0.8     2   133   121   252   120   256 0.71 -
ArgoN_domain         -            137 Adineta_ri_g13310.t1 -            959   9.2e-13   34.7   2.5   2   3      0.39      0.39   -3.0   0.0    20    46   567   596   559   608 0.63 -
ArgoN_domain         -            137 Adineta_ri_g13310.t1 -            959   9.2e-13   34.7   2.5   3   3      0.88      0.88   -4.1   0.0    19    28   813   822   806   842 0.54 -
ArgoN_domain         -            137 Adineta_ri_g7779.t1  -            884   1.5e-11   30.8   0.1   1   2   4.8e-11   4.8e-11   29.1   0.0     2   105   131   222   130   228 0.78 -
ArgoN_domain         -            137 Adineta_ri_g7779.t1  -            884   1.5e-11   30.8   0.1   2   2       0.6       0.6   -3.6   0.0    25    45   517   537   489   543 0.65 -
ArgoN_domain         -            137 Adineta_ri_g40677.t1 -            907   8.5e-39  119.0   0.0   1   1   1.7e-38   1.7e-38  118.1   0.0     2   135    80   212    79   214 0.94 -
ArgoN_domain         -            137 Adineta_ri_g39803.t1 -            912   1.6e-38  118.1   0.0   1   1   3.1e-38   3.1e-38  117.2   0.0     2   135    85   217    84   219 0.94 -
ArgoN_domain         -            137 Adineta_ri_g26108.t1 -            919   6.1e-10   25.6   0.3   1   2   1.6e-09   1.6e-09   24.2   0.0     3    72   166   231   164   261 0.75 -
ArgoN_domain         -            137 Adineta_ri_g26108.t1 -            919   6.1e-10   25.6   0.3   2   2      0.65      0.65   -3.7   0.1    36    63   358   385   340   403 0.63 -
ArgoN_domain         -            137 Adineta_ri_g16866.t1 -           1036   1.8e-11   30.5   0.3   1   2   6.3e-11   6.3e-11   28.8   0.1     2   107   140   256   139   266 0.72 -
ArgoN_domain         -            137 Adineta_ri_g16866.t1 -           1036   1.8e-11   30.5   0.3   2   2      0.25      0.25   -2.3   0.0    69   102   441   470   438   476 0.71 -
ArgoN_domain         -            137 Adineta_ri_g42181.t1 -           1262   5.4e-14   38.7   0.0   1   1   1.8e-13   1.8e-13   37.0   0.0     4   135   441   570   438   572 0.79 -
ArgoN_domain         -            137 Adineta_ri_g11125.t1 -           1642   1.1e-16   47.3   1.4   1   1     3e-16     3e-16   46.0   1.4     2   134   806   938   805   941 0.81 -
ArgoN_domain         -            137 Adineta_ri_g9673.t1  -           1018   6.3e-15   41.7   0.1   1   1   1.4e-14   1.4e-14   40.5   0.1     2   134   156   285   155   288 0.77 -
ArgoN_domain         -            137 Adineta_ri_g400.t1   -           1092     7e-14   38.3   0.2   1   1   1.9e-13   1.9e-13   36.9   0.2     3   134   243   376   241   379 0.80 -
ArgoN_domain         -            137 Adineta_ri_g40862.t1 -            940   2.4e-15   43.0   0.2   1   1   4.5e-15   4.5e-15   42.2   0.2     2   130    95   223    94   230 0.75 -
ArgoN_domain         -            137 Adineta_ri_g22372.t1 -            973   3.5e-14   39.3   0.8   1   2   9.9e-14   9.9e-14   37.8   0.5     2   134   118   250   117   253 0.76 -
ArgoN_domain         -            137 Adineta_ri_g22372.t1 -            973   3.5e-14   39.3   0.8   2   2      0.63      0.63   -3.6   0.0    20    46   581   610   574   622 0.63 -
ArgoN_domain         -            137 Adineta_ri_g25113.t1 -            902   3.4e-11   29.6   0.0   1   1   8.6e-11   8.6e-11   28.3   0.0     4    79   151   231   149   257 0.69 -
ArgoN_domain         -            137 Adineta_ri_g22742.t1 -            925   2.6e-14   39.7   0.8   1   1   5.7e-14   5.7e-14   38.6   0.8     2   135   112   251   111   253 0.79 -
ArgoN_domain         -            137 Barentsia_sp_TRINITY_DN33507_c0_g1_i1.p1 -            895   4.5e-07   16.3   0.0   1   1     1e-06     1e-06   15.1   0.0     3    39   114   151   112   194 0.78 -
ArgoN_domain         -            137 Barentsia_sp_TRINITY_DN69803_c0_g1_i1.p1 -            971   2.1e-23   69.2   0.0   1   1   3.6e-23   3.6e-23   68.4   0.0     2   135   111   258   110   260 0.84 -
ArgoN_domain         -            137 Barentsia_sp_TRINITY_DN75525_c0_g2_i3.p1 -            904   3.5e-06   13.4   0.1   1   1   8.4e-06   8.4e-06   12.2   0.1     2   108   155   249   154   262 0.71 -
ArgoN_domain         -            137 Barentsia_sp_TRINITY_DN82105_c1_g4_i16.p1 -            873   1.8e-43  134.1   0.0   1   1   3.9e-43   3.9e-43  133.1   0.0     2   135    45   176    44   178 0.96 -
ArgoN_domain         -            137 Cristatella_mucedo_AGO1_1 -            852   3.4e-44  136.5   0.0   1   1   8.9e-44   8.9e-44  135.1   0.0     2   135    28   159    27   161 0.96 -
ArgoN_domain         -            137 Bugula_neritina_PIWI2_1 -            588   7.4e-08   18.8   0.4   1   2   2.8e-07   2.8e-07   16.9   0.1     4   108     1    94     1   118 0.67 -
ArgoN_domain         -            137 Bugula_neritina_PIWI2_1 -            588   7.4e-08   18.8   0.4   2   2      0.24      0.24   -2.3   0.0    22    45   169   197   166   209 0.66 -
ArgoN_domain         -            137 Pomphorhyncus_laevis_AGO2_1 -            739   3.6e-10   26.3   0.2   1   1   7.1e-08   7.1e-08   18.9   0.2     6   117    88   239    85   284 0.67 -
ArgoN_domain         -            137 Pomphorhyncus_laevis_AGO1_1 -            928   1.7e-32   98.6   0.0   1   1   3.3e-32   3.3e-32   97.7   0.0     3   135    21   151    19   153 0.93 -
#
# Program:         hmmscan
# Version:         3.3.2 (Nov 2020)
# Pipeline mode:   SCAN
# Query file:      /home/STUDENTI/gianmarco.cavalli/PhyloAgo/Trees/new_trees/argonaute_gen_trans_out.fasta
# Target file:     ../../domains/ArgoN_domain.fasta_aln.hmm
# Option settings: hmmscan --domtblout Ago_ArgoN_domain_out_hmm -E 10e-6 ../../domains/ArgoN_domain.fasta_aln.hmm /home/STUDENTI/gianmarco.cavalli/PhyloAgo/Trees/new_trees/argonaute_gen_trans_out.fasta 
# Current dir:     /home/STUDENTI/gianmarco.cavalli/PhyloAgo/revision/dicer_domains
# Date:            Wed Oct  4 15:27:00 2023
# [ok]
