#                                                                            --- full sequence --- -------------- this domain -------------   hmm coord   ali coord   env coord
# target name        accession   tlen query name           accession   qlen   E-value  score  bias   #  of  c-Evalue  i-Evalue  score  bias  from    to  from    to  from    to  acc description of target
#------------------- ---------- ----- -------------------- ---------- ----- --------- ------ ----- --- --- --------- --------- ------ ----- ----- ----- ----- ----- ----- ----- ---- ---------------------
MID_domain           -             83 Q9UL18_H_sapiens_AGO1 -            857   5.3e-40  121.9   0.6   1   2      0.92      0.92   -3.8   0.0    60    81    60    81    56    82 0.69 -
MID_domain           -             83 Q9UL18_H_sapiens_AGO1 -            857   5.3e-40  121.9   0.6   2   2   1.5e-39   1.5e-39  120.5   0.1     1    82   427   508   427   509 0.99 -
MID_domain           -             83 Q9H9G7_H_sapiens_AGO3 -            860     1e-37  114.6   0.4   1   2      0.23      0.23   -1.9   0.0    58    81    52    75    49    77 0.78 -
MID_domain           -             83 Q9H9G7_H_sapiens_AGO3 -            860     1e-37  114.6   0.4   2   2   4.5e-37   4.5e-37  112.5   0.1     1    82   430   511   430   512 0.98 -
MID_domain           -             83 Q9HCK5_H_sapiens_AGO4 -            861   1.6e-38  117.1   0.6   1   2      0.19      0.19   -1.6   0.0    58    81    50    73    34    75 0.77 -
MID_domain           -             83 Q9HCK5_H_sapiens_AGO4 -            861   1.6e-38  117.1   0.6   2   2   6.1e-38   6.1e-38  115.3   0.1     1    81   421   501   421   503 0.98 -
MID_domain           -             83 A7RFC2_N_Vectensis_PIWI1 -            871   7.1e-06   12.6   0.0   1   2   0.00015   0.00015    8.4   0.0     9    69   482   537   473   549 0.78 -
MID_domain           -             83 A7RFC2_N_Vectensis_PIWI1 -            871   7.1e-06   12.6   0.0   2   2     0.027     0.027    1.1   0.0    44    60   597   613   577   621 0.88 -
MID_domain           -             83 O62275_C_elegans_WAGO4 -            965   5.2e-06   13.0   0.0   1   1   1.6e-05   1.6e-05   11.4   0.0    10    61   518   571   511   580 0.85 -
MID_domain           -             83 Q9VUQ5_D_melanogaster_AGO2 -           1214   4.7e-29   86.8   0.3   1   3      0.13      0.13   -1.1   0.0    44    79   701   736   682   766 0.67 -
MID_domain           -             83 Q9VUQ5_D_melanogaster_AGO2 -           1214   4.7e-29   86.8   0.3   2   3   3.5e-27   3.5e-27   80.8   0.0     1    82   796   880   796   881 0.97 -
MID_domain           -             83 Q9VUQ5_D_melanogaster_AGO2 -           1214   4.7e-29   86.8   0.3   3   3     0.016     0.016    1.8   0.1    27    63   917   953   912   960 0.88 -
MID_domain           -             83 Q9UKV8_H_sapiens_AGO2 -            859   8.8e-39  118.0   0.8   1   2       0.1       0.1   -0.7   0.1    56    82    58    84    42    85 0.82 -
MID_domain           -             83 Q9UKV8_H_sapiens_AGO2 -            859   8.8e-39  118.0   0.8   2   2   5.2e-38   5.2e-38  115.5   0.1     1    82   429   510   429   511 0.98 -
MID_domain           -             83 Q86B39_C_elegans_ALG2 -            891   8.1e-37  111.7   0.5   1   2   3.4e-36   3.4e-36  109.7   0.1     2    82   460   540   459   541 0.98 -
MID_domain           -             83 Q86B39_C_elegans_ALG2 -            891   8.1e-37  111.7   0.5   2   2      0.17      0.17   -1.4   0.0    35    61   579   605   568   608 0.79 -
MID_domain           -             83 G5EES3_C_elegans_ALG1 -           1023   9.7e-39  117.9   1.0   1   2   2.8e-38   2.8e-38  116.4   0.3     2    83   594   675   593   675 0.99 -
MID_domain           -             83 G5EES3_C_elegans_ALG1 -           1023   9.7e-39  117.9   1.0   2   2      0.22      0.22   -1.9   0.0    35    61   713   739   703   742 0.80 -
MID_domain           -             83 Q9VKM1_D_melanogaster_PIWI -            843   3.4e-06   13.6   0.0   1   3      0.62      0.62   -3.3   0.0     9    29    98   118    92   121 0.78 -
MID_domain           -             83 Q9VKM1_D_melanogaster_PIWI -            843   3.4e-06   13.6   0.0   2   3       0.6       0.6   -3.2   0.0    46    58   415   427   398   431 0.62 -
MID_domain           -             83 Q9VKM1_D_melanogaster_PIWI -            843   3.4e-06   13.6   0.0   3   3   2.3e-05   2.3e-05   10.9   0.0    10    71   463   522   457   533 0.81 -
MID_domain           -             83 Q32KD4_D_melanogaster_AGO1 -            984   2.1e-39  120.0   0.2   1   2      0.79      0.79   -3.6   0.0    58    78   170   190   166   194 0.55 -
MID_domain           -             83 Q32KD4_D_melanogaster_AGO1 -            984   2.1e-39  120.0   0.2   2   2   6.2e-39   6.2e-39  118.5   0.0     1    81   553   633   553   635 0.98 -
MID_domain           -             83 U3MIG1_N_vectensis_AGO1 -            852   8.4e-29   86.0   0.1   1   1   1.9e-28   1.9e-28   84.9   0.1     1    82   421   502   421   503 0.98 -
MID_domain           -             83 U3MH35_N_vectensis_AGO2 -           1175   1.2e-29   88.8   0.5   1   2   3.3e-29   3.3e-29   87.3   0.0     1    81   659   739   659   741 0.98 -
MID_domain           -             83 U3MH35_N_vectensis_AGO2 -           1175   1.2e-29   88.8   0.5   2   2      0.54      0.54   -3.1   0.1    38    60   780   802   777   803 0.85 -
MID_domain           -             83 XP_013068460.1_AGO2like_Biomphalaria_gl -            901   4.2e-41  125.5   0.1   1   1   1.2e-40   1.2e-40  123.9   0.1     1    82   465   546   465   547 0.98 -
MID_domain           -             83 XP_022317079.1_piwil_Crassostrea_vi -            940   1.4e-06   14.8   0.1   1   1   4.4e-06   4.4e-06   13.2   0.1    11    79   563   627   557   630 0.82 -
MID_domain           -             83 XP_022322138.1_AGO2l_Crassostrea_vi -            968   2.1e-40  123.2   0.0   1   1     6e-40     6e-40  121.7   0.0     1    82   513   594   513   595 0.98 -
MID_domain           -             83 XP_022332948.1_AGO2l_Crassostrea_vi -            917   1.5e-39  120.5   0.0   1   1   5.3e-39   5.3e-39  118.7   0.0     2    82   489   569   488   570 0.98 -
MID_domain           -             83 XP_022338751.1_piwil_Crassostrea_vi -            876   9.5e-09   21.8   0.0   1   1   3.7e-08   3.7e-08   19.9   0.0     8    70   490   547   485   558 0.86 -
MID_domain           -             83 XP_022341463.1_piwil_Crassostrea_vi -            876   9.5e-09   21.8   0.0   1   1   3.7e-08   3.7e-08   19.9   0.0     8    70   490   547   485   558 0.86 -
MID_domain           -             83 XP_005107587.1_AGO2l_Aplysia_ca -            932   7.6e-41  124.6   0.1   1   1   2.1e-40   2.1e-40  123.2   0.1     2    82   497   577   496   578 0.98 -
MID_domain           -             83 XP_012942742.1_AGO1l_Aplysia_ca -            816   1.6e-19   56.3   0.1   1   1     5e-19     5e-19   54.7   0.1     2    40   502   540   501   544 0.96 -
MID_domain           -             83 XP_041347969.1_piwil_Gigantopelta_ae -            874   5.2e-06   13.0   0.0   1   2   3.8e-05   3.8e-05   10.2   0.0     8    58   493   539   489   560 0.81 -
MID_domain           -             83 XP_041347969.1_piwil_Gigantopelta_ae -            874   5.2e-06   13.0   0.0   2   2       0.3       0.3   -2.3   0.0    40    59   675   694   669   700 0.83 -
MID_domain           -             83 XP_041360921.1_AGO2l_Gigantopelta_ae -            901     4e-41  125.5   0.1   1   1   1.2e-40   1.2e-40  124.0   0.1     1    82   471   552   471   553 0.98 -
MID_domain           -             83 XP_046362549.1_AGO2l_Haliotis_rufescens -            926   1.5e-40  123.7   0.0   1   1   3.9e-40   3.9e-40  122.3   0.0     1    82   496   577   496   578 0.98 -
MID_domain           -             83 XP_046371599.1_piwil_Haliotis_rufescens -            880   2.2e-06   14.2   0.0   1   2   9.9e-06   9.9e-06   12.1   0.0     8    81   498   564   494   566 0.79 -
MID_domain           -             83 XP_046371599.1_piwil_Haliotis_rufescens -            880   2.2e-06   14.2   0.0   2   2      0.91      0.91   -3.8   0.0    41    59   681   699   676   701 0.81 -
MID_domain           -             83 XP_048257294.1_piwil_Haliotis_rufescens -            674   1.9e-06   14.4   0.1   1   2     7e-06     7e-06   12.6   0.0     8    81   430   496   426   498 0.79 -
MID_domain           -             83 XP_048257294.1_piwil_Haliotis_rufescens -            674   1.9e-06   14.4   0.1   2   2      0.95      0.95   -3.9   0.1    44    59   545   560   539   561 0.83 -
MID_domain           -             83 XP_009064000.1_hypothetical_LOTGIDRAFT_Lottia_gi -            919   3.1e-40  122.7   0.0   1   1   9.7e-40   9.7e-40  121.1   0.0     1    82   489   570   489   571 0.98 -
MID_domain           -             83 XP_045173270.1_piwil_Mercenaria_me -            871     7e-08   19.0   0.3   1   2   2.6e-07   2.6e-07   17.1   0.0     8    63   489   540   485   557 0.84 -
MID_domain           -             83 XP_045173270.1_piwil_Mercenaria_me -            871     7e-08   19.0   0.3   2   2      0.97      0.97   -3.9   0.1    44    59   604   619   602   620 0.86 -
MID_domain           -             83 XP_045180828.1_AGO2l_Mercenaria_me -            898   5.2e-17   48.2   0.0   1   1   1.8e-16   1.8e-16   46.5   0.0    40    82   507   549   495   550 0.94 -
MID_domain           -             83 XP_021356148.1_AGO2l_Mizuhopecten_ye -            914   1.5e-40  123.7   0.0   1   1   4.9e-40   4.9e-40  122.0   0.0     1    82   484   565   484   566 0.98 -
MID_domain           -             83 XP_014782490.1_AGO2l_Octopus_bi -            906   9.5e-38  114.7   0.1   1   1   2.6e-37   2.6e-37  113.3   0.1     1    83   476   558   476   558 0.98 -
MID_domain           -             83 XP_014782617.1_AGO2l_Octopus_bi -            814   2.8e-39  119.6   0.1   1   2      0.89      0.89   -3.8   0.0    31    44    79    92    70    97 0.42 -
MID_domain           -             83 XP_014782617.1_AGO2l_Octopus_bi -            814   2.8e-39  119.6   0.1   2   2   9.5e-39   9.5e-39  117.9   0.0     1    82   441   522   441   523 0.98 -
MID_domain           -             83 XP_048752930.1_piwil_Ostrea_ed -            872   1.1e-07   18.3   0.0   1   1     4e-07     4e-07   16.6   0.0     8    59   490   537   486   556 0.87 -
MID_domain           -             83 XP_048760688.1_piwil_Ostrea_ed -            940     8e-07   15.6   0.1   1   1   2.2e-06   2.2e-06   14.2   0.1    12    81   564   626   557   628 0.81 -
MID_domain           -             83 XP_048764610.1_piwil_Ostrea_ed -            941   1.6e-07   17.9   0.1   1   1   4.3e-07   4.3e-07   16.4   0.1    12    81   565   627   558   629 0.82 -
MID_domain           -             83 XP_048780341.1_AGO2l_Ostrea_ed -            950     2e-40  123.3   0.0   1   1   5.9e-40   5.9e-40  121.8   0.0     1    82   520   601   520   602 0.98 -
MID_domain           -             83 XP_048781104.1_AGO2l_Ostrea_ed -            917   1.8e-39  120.2   0.1   1   2         1         1   -4.1   0.0    27    43   122   138   113   141 0.43 -
MID_domain           -             83 XP_048781104.1_AGO2l_Ostrea_ed -            917   1.8e-39  120.2   0.1   2   2   7.6e-39   7.6e-39  118.2   0.0     2    82   489   569   488   570 0.98 -
MID_domain           -             83 XP_050395105.1_AGO2l_Patella_vu -            921   8.6e-41  124.5   0.0   1   1   2.7e-40   2.7e-40  122.9   0.0     1    82   491   572   491   573 0.98 -
MID_domain           -             83 XP_033727108.1_AGO2l_Pecten_ma -            914   1.6e-40  123.6   0.0   1   1   4.9e-40   4.9e-40  122.0   0.0     1    82   484   565   484   566 0.98 -
MID_domain           -             83 XP_025092974.1_AGO2l_Pomacea_ca -            896   4.2e-40  122.3   0.2   1   2      0.91      0.91   -3.8   0.0    31    48    98   115    93   116 0.71 -
MID_domain           -             83 XP_025092974.1_AGO2l_Pomacea_ca -            896   4.2e-40  122.3   0.2   2   2   1.4e-39   1.4e-39  120.6   0.1     1    82   460   541   460   542 0.98 -
MID_domain           -             83 Sgl002983-mRNA1_Saccostrea_gl -            911     1e-39  121.0   0.0   1   1   4.1e-39   4.1e-39  119.1   0.0     2    82   483   563   482   564 0.98 -
MID_domain           -             83 Sgl009330-mRNA1_Saccostrea_gl -            945   8.8e-08   18.7   0.2   1   1   2.4e-07   2.4e-07   17.3   0.2    11    79   568   632   562   635 0.89 -
MID_domain           -             83 Sgl015064-mRNA1_Saccostrea_gl -           1939   3.8e-11   29.5   0.0   1   2   6.5e-07   6.5e-07   15.9   0.0     8    69   446   502   442   513 0.83 -
MID_domain           -             83 Sgl015064-mRNA1_Saccostrea_gl -           1939   3.8e-11   29.5   0.0   2   2     6e-05     6e-05    9.6   0.0     8    59  1550  1597  1546  1621 0.80 -
MID_domain           -             83 Sgl015238-mRNA1_Saccostrea_gl -            881   1.5e-35  107.6   0.0   1   1   6.1e-35   6.1e-35  105.7   0.0     2    82   453   533   452   534 0.98 -
MID_domain           -             83 Sgl020625-mRNA1_Saccostrea_gl -           1118   2.4e-40  123.0   0.0   1   1   7.3e-40   7.3e-40  121.5   0.0     1    82   633   714   633   715 0.98 -
MID_domain           -             83 XP_012792763.2_Argonaute1_Schistosoma_ha -           1043   2.8e-37  113.2   0.0   1   1     1e-36     1e-36  111.4   0.0     1    82   613   694   613   695 0.98 -
MID_domain           -             83 XP_051074541.1_Argonaute2_Schistosoma_ha -            932   1.9e-06   14.4   0.0   1   1   5.6e-06   5.6e-06   12.9   0.0    23    64   545   585   526   602 0.81 -
MID_domain           -             83 XP_024349713.1_argonaute-2_Echinococcus_gr -           1133     3e-35  106.7   0.1   1   1   8.7e-35   8.7e-35  105.2   0.1     1    83   703   785   703   785 0.98 -
MID_domain           -             83 XP_009013929.1_hypothetical_HELRODRAFT_partial_Helobdella_ro -            769   2.8e-08   20.3   0.1   1   2   1.4e-07   1.4e-07   18.0   0.1     8    61   384   433   378   454 0.87 -
MID_domain           -             83 XP_009013929.1_hypothetical_HELRODRAFT_partial_Helobdella_ro -            769   2.8e-08   20.3   0.1   2   2      0.34      0.34   -2.5   0.0    45    77   549   581   542   583 0.83 -
MID_domain           -             83 XP_009019424.1_hypothetical_HELRODRAFT_Helobdella_ro -            847   8.5e-39  118.1   0.1   1   1   2.6e-38   2.6e-38  116.5   0.1     1    82   417   498   417   499 0.98 -
MID_domain           -             83 XP_009030064.1_hypothetical_HELRODRAFT_Helobdella_ro -            688   2.5e-13   36.4   0.0   1   1   7.1e-13   7.1e-13   35.0   0.0    31    78   521   568   494   573 0.83 -
MID_domain           -             83 XP_013421307.1_argonaute-2_Lingula_an -           1046   1.4e-40  123.8   0.1   1   2      0.65      0.65   -3.3   0.0    31    48   240   257   231   259 0.70 -
MID_domain           -             83 XP_013421307.1_argonaute-2_Lingula_an -           1046   1.4e-40  123.8   0.1   2   2   4.3e-40   4.3e-40  122.2   0.0     2    82   608   688   607   689 0.98 -
MID_domain           -             83 XP_009165314.1_hypothetical_T265_02735_Opisthorchis_vi -           1013   4.1e-37  112.7   0.0   1   1   1.3e-36   1.3e-36  111.1   0.0     1    82   583   664   583   665 0.98 -
MID_domain           -             83 XP_050095807.1_Argo2_Anopheles_aq -            957   4.1e-40  122.3   0.1   1   2      0.96      0.96   -3.9   0.0    58    77   144   163   140   167 0.55 -
MID_domain           -             83 XP_050095807.1_Argo2_Anopheles_aq -            957   4.1e-40  122.3   0.1   2   2   1.2e-39   1.2e-39  120.8   0.0     2    82   527   607   526   608 0.98 -
MID_domain           -             83 XP_033640928.1_Argo2like_Asterias_ru -            906   5.2e-38  115.5   1.5   1   2   9.8e-38   9.8e-38  114.7   0.2     2    83   465   546   464   546 0.98 -
MID_domain           -             83 XP_033640928.1_Argo2like_Asterias_ru -            906   5.2e-38  115.5   1.5   2   2      0.64      0.64   -3.3   0.1    40    60   589   609   579   613 0.67 -
MID_domain           -             83 NP_001239488.1_Argo4_Danio_re -            863   1.2e-38  117.6   0.6   1   2      0.13      0.13   -1.1   0.0    57    81    51    75    33    77 0.79 -
MID_domain           -             83 NP_001239488.1_Argo4_Danio_re -            863   1.2e-38  117.6   0.6   2   2   6.5e-38   6.5e-38  115.2   0.1     1    81   423   503   423   505 0.98 -
MID_domain           -             83 NP_001289161.1_Argo3_Danio_re -            867   1.9e-37  113.8   0.3   1   2      0.18      0.18   -1.5   0.0    58    81    52    75    49    77 0.78 -
MID_domain           -             83 NP_001289161.1_Argo3_Danio_re -            867   1.9e-37  113.8   0.3   2   2   9.5e-37   9.5e-37  111.5   0.1     1    82   437   518   437   519 0.98 -
MID_domain           -             83 XP_005158529.2_Argo1_Danio_re -            871   5.8e-40  121.8   0.8   1   2      0.83      0.83   -3.7   0.0    59    81    60    82    56    83 0.70 -
MID_domain           -             83 XP_005158529.2_Argo1_Danio_re -            871   5.8e-40  121.8   0.8   2   2   1.5e-39   1.5e-39  120.5   0.1     1    82   441   522   441   523 0.99 -
MID_domain           -             83 XP_005159513.1_Argo3_Danio_re -            867   2.9e-38  116.4   0.5   1   2      0.19      0.19   -1.6   0.0    59    81    53    75    49    77 0.77 -
MID_domain           -             83 XP_005159513.1_Argo3_Danio_re -            867   2.9e-38  116.4   0.5   2   2   1.3e-37   1.3e-37  114.3   0.1     1    82   437   518   437   519 0.98 -
MID_domain           -             83 XP_009292643.1_Argo2_Danio_re -            898   1.3e-37  114.3   0.8   1   3     0.067     0.067   -0.2   0.1    54    82    70    98    55    99 0.77 -
MID_domain           -             83 XP_009292643.1_Argo2_Danio_re -            898   1.3e-37  114.3   0.8   2   3       0.4       0.4   -2.7   0.0    18    59   406   428   397   433 0.55 -
MID_domain           -             83 XP_009292643.1_Argo2_Danio_re -            898   1.3e-37  114.3   0.8   3   3   1.4e-36   1.4e-36  110.9   0.1     1    81   468   548   468   550 0.98 -
MID_domain           -             83 NP_001026071.2_Argo3_Gallus_ga -            860   1.1e-37  114.5   0.4   1   2      0.23      0.23   -1.9   0.0    58    81    52    75    49    77 0.78 -
MID_domain           -             83 NP_001026071.2_Argo3_Gallus_ga -            860   1.1e-37  114.5   0.4   2   2   4.5e-37   4.5e-37  112.5   0.1     1    82   430   511   430   512 0.98 -
MID_domain           -             83 NP_001304141.1_Argo1_Gallus_ga -            857   5.3e-40  121.9   0.6   1   2      0.92      0.92   -3.8   0.0    60    81    60    81    56    82 0.69 -
MID_domain           -             83 NP_001304141.1_Argo1_Gallus_ga -            857   5.3e-40  121.9   0.6   2   2   1.5e-39   1.5e-39  120.5   0.1     1    82   427   508   427   509 0.99 -
MID_domain           -             83 NP_001383409.1_Argo4_Gallus_ga -            861   1.7e-38  117.1   0.4   1   2      0.19      0.19   -1.6   0.0    58    81    50    73    34    75 0.77 -
MID_domain           -             83 NP_001383409.1_Argo4_Gallus_ga -            861   1.7e-38  117.1   0.4   2   2   7.2e-38   7.2e-38  115.1   0.1     1    81   421   501   421   503 0.98 -
MID_domain           -             83 XP_040529398.1_Argo2_Gallus_ga -            864   5.3e-39  118.7   0.9   1   2      0.11      0.11   -0.9   0.1    56    82    62    88    47    89 0.83 -
MID_domain           -             83 XP_040529398.1_Argo2_Gallus_ga -            864   5.3e-39  118.7   0.9   2   2   2.9e-38   2.9e-38  116.4   0.1     1    82   434   515   434   516 0.98 -
MID_domain           -             83 XP_024499485.1_Strongyloides_ratti -            966   5.7e-37  112.2   1.3   1   3      0.24      0.24   -2.0   0.0    25    48   348   371   332   395 0.72 -
MID_domain           -             83 XP_024499485.1_Strongyloides_ratti -            966   5.7e-37  112.2   1.3   2   3   1.8e-36   1.8e-36  110.6   0.1     2    82   537   617   536   618 0.98 -
MID_domain           -             83 XP_024499485.1_Strongyloides_ratti -            966   5.7e-37  112.2   1.3   3   3      0.71      0.71   -3.5   0.0    36    59   657   680   648   684 0.78 -
MID_domain           -             83 XP_024500338.1_Strongyloides_ratti -            956   4.6e-32   96.5   0.4   1   2   2.8e-31   2.8e-31   94.0   0.0     2    82   527   607   526   608 0.98 -
MID_domain           -             83 XP_024500338.1_Strongyloides_ratti -            956   4.6e-32   96.5   0.4   2   2      0.12      0.12   -1.0   0.1    29    61   640   672   635   675 0.78 -
MID_domain           -             83 XP_024501087.1_Strongyloides_ratti -            884   5.5e-09   22.5   0.1   1   1     2e-08     2e-08   20.8   0.1    11    78   462   526   459   530 0.93 -
MID_domain           -             83 XP_024501158.1_Strongyloides_ratti -            884   3.2e-09   23.3   0.1   1   1   1.1e-08   1.1e-08   21.5   0.1    11    78   462   526   459   530 0.94 -
MID_domain           -             83 XP_024501380.1_Strongyloides_ratti -            908   1.2e-13   37.4   0.3   1   1   4.3e-13   4.3e-13   35.7   0.3     3    82   485   567   483   568 0.88 -
MID_domain           -             83 XP_024504884.1_Strongyloides_ratti -           1170   5.5e-10   25.7   1.3   1   3     0.088     0.088   -0.6   0.1    33    80    32    80    26    83 0.74 -
MID_domain           -             83 XP_024504884.1_Strongyloides_ratti -           1170   5.5e-10   25.7   1.3   2   3   2.7e-09   2.7e-09   23.5   0.0     2    68   636   700   635   714 0.91 -
MID_domain           -             83 XP_024504884.1_Strongyloides_ratti -           1170   5.5e-10   25.7   1.3   3   3      0.46      0.46   -2.8   0.1    31    69   846   884   841   892 0.75 -
MID_domain           -             83 XP_024508426.1_Strongyloides_ratti -            935     1e-35  108.2   0.3   1   2   4.2e-35   4.2e-35  106.2   0.0     2    83   506   587   505   587 0.98 -
MID_domain           -             83 XP_024508426.1_Strongyloides_ratti -            935     1e-35  108.2   0.3   2   2      0.76      0.76   -3.6   0.0    36    59   626   649   618   653 0.77 -
MID_domain           -             83 XP_024509277.1_Strongyloides_ratti -            919   8.9e-12   31.5   0.2   1   2     1e-10     1e-10   28.1   0.0     6    82   498   577   493   578 0.92 -
MID_domain           -             83 XP_024509277.1_Strongyloides_ratti -            919   8.9e-12   31.5   0.2   2   2      0.14      0.14   -1.2   0.0    55    70   692   707   684   715 0.84 -
MID_domain           -             83 XP_024509292.1_Strongyloides_ratti -            919   7.7e-12   31.7   0.1   1   2     1e-10     1e-10   28.1   0.0     6    82   498   577   493   578 0.92 -
MID_domain           -             83 XP_024509292.1_Strongyloides_ratti -            919   7.7e-12   31.7   0.1   2   2      0.12      0.12   -1.0   0.0    55    70   692   707   682   716 0.83 -
MID_domain           -             83 XP_024509323.1_Strongyloides_ratti -            934   5.9e-11   28.8   0.1   1   2   8.3e-10   8.3e-10   25.2   0.0     6    82   513   592   508   593 0.89 -
MID_domain           -             83 XP_024509323.1_Strongyloides_ratti -            934   5.9e-11   28.8   0.1   2   2     0.098     0.098   -0.7   0.0    55    72   707   723   697   732 0.83 -
MID_domain           -             83 Bugula_ne_g27968.t1  -            901   1.5e-39  120.4   0.0   1   1   4.5e-39   4.5e-39  118.9   0.0     2    82   472   552   471   553 0.98 -
MID_domain           -             83 Bugula_ne_g27971.t1  -            621   2.6e-16   46.0   0.0   1   1   6.9e-16   6.9e-16   44.6   0.0     2    82   462   540   461   541 0.94 -
MID_domain           -             83 Bugula_ne_g27974.t1  -           1003   1.4e-15   43.7   0.0   1   1   3.7e-15   3.7e-15   42.3   0.0     2    83   578   657   577   657 0.94 -
MID_domain           -             83 Euprymna_sc_g41641.t1 -            877   1.2e-38  117.6   0.1   1   1   3.5e-38   3.5e-38  116.1   0.1     2    83   448   529   447   529 0.99 -
MID_domain           -             83 Euprymna_sc_g22415.t1 -            824   6.9e-06   12.6   0.0   1   1   2.4e-05   2.4e-05   10.8   0.0     9    79   449   515   445   519 0.82 -
MID_domain           -             83 Piscicola_ge_g17355.t1 -           1000   6.5e-37  112.0   0.3   1   2         1         1   -4.0   0.0    55    76   486   505   481   513 0.59 -
MID_domain           -             83 Piscicola_ge_g17355.t1 -           1000   6.5e-37  112.0   0.3   2   2   2.4e-36   2.4e-36  110.2   0.1     2    82   571   651   570   652 0.98 -
MID_domain           -             83 Piscicola_ge_g18182.t1 -            920   8.9e-39  118.0   0.1   1   1   3.4e-38   3.4e-38  116.1   0.1     1    82   490   571   490   572 0.98 -
MID_domain           -             83 Piscicola_ge_g211.t1 -            871   4.2e-08   19.7   0.0   1   1   1.6e-07   1.6e-07   17.9   0.0     8    63   486   537   482   554 0.80 -
MID_domain           -             83 Taenia_pi_g612.t1    -            982     3e-35  106.7   0.1   1   2         1         1   -4.3   0.0    31    46   188   203   181   207 0.48 -
MID_domain           -             83 Taenia_pi_g612.t1    -            982     3e-35  106.7   0.1   2   2     1e-34     1e-34  105.0   0.1     1    83   552   634   552   634 0.98 -
MID_domain           -             83 Lineus_lo_g5923.t1   -            935   3.6e-06   13.5   0.0   1   1   1.2e-05   1.2e-05   11.8   0.0     8    83   554   622   550   622 0.82 -
MID_domain           -             83 Lineus_lo_g14864.t1  -            866     2e-09   23.9   0.3   1   2     1e-08     1e-08   21.7   0.0     8    76   483   544   479   551 0.82 -
MID_domain           -             83 Lineus_lo_g14864.t1  -            866     2e-09   23.9   0.3   2   2       0.2       0.2   -1.7   0.1    44    60   598   614   592   615 0.89 -
MID_domain           -             83 Lineus_lo_g35952.t1  -            926   6.8e-06   12.6   0.0   1   1   2.8e-05   2.8e-05   10.7   0.0     8    62   541   591   532   607 0.82 -
MID_domain           -             83 Lineus_lo_g32474.t4  -            935   8.2e-40  121.3   0.0   1   1   2.2e-39   2.2e-39  119.9   0.0     2    82   506   586   505   587 0.98 -
MID_domain           -             83 Lineus_lo_g32475.t1  -            899   3.2e-40  122.6   0.1   1   1   1.2e-39   1.2e-39  120.8   0.1     2    82   470   550   469   551 0.98 -
MID_domain           -             83 Acanthopleura_gr_g13683.t1 -            951   2.5e-06   14.0   0.2   1   2      0.29      0.29   -2.2   0.0    32    50   371   389   367   396 0.84 -
MID_domain           -             83 Acanthopleura_gr_g13683.t1 -            951   2.5e-06   14.0   0.2   2   2   1.2e-05   1.2e-05   11.8   0.0    18    78   581   637   577   641 0.84 -
MID_domain           -             83 Acanthopleura_gr_g28620.t4 -            862   5.1e-41  125.2   0.0   1   1   1.7e-40   1.7e-40  123.5   0.0     1    82   432   513   432   514 0.98 -
MID_domain           -             83 Acanthopleura_gr_g1430.t1 -            870   2.4e-06   14.0   0.2   1   3   2.5e-05   2.5e-05   10.8   0.0     9    58   490   535   481   551 0.89 -
MID_domain           -             83 Acanthopleura_gr_g1430.t1 -            870   2.4e-06   14.0   0.2   2   3      0.49      0.49   -3.0   0.1    44    60   604   620   595   621 0.85 -
MID_domain           -             83 Acanthopleura_gr_g1430.t1 -            870   2.4e-06   14.0   0.2   3   3      0.16      0.16   -1.4   0.0    33    59   664   690   653   702 0.72 -
MID_domain           -             83 Cristatella_mu_g16623.t1 -            614   2.1e-32   97.6   0.1   1   2   1.2e-15   1.2e-15   43.9   0.0     2    78    24   100    23   105 0.91 -
MID_domain           -             83 Cristatella_mu_g16623.t1 -            614   2.1e-32   97.6   0.1   2   2   5.2e-18   5.2e-18   51.4   0.0     2    63   379   440   378   458 0.90 -
MID_domain           -             83 Cristatella_mu_g11794.t1 -            493   6.8e-19   54.3   0.1   1   2      0.73      0.73   -3.5   0.0    33    46    12    25    10    29 0.79 -
MID_domain           -             83 Cristatella_mu_g11794.t1 -            493   6.8e-19   54.3   0.1   2   2     2e-18     2e-18   52.8   0.1     2    80   132   210   131   213 0.93 -
MID_domain           -             83 Schmidtea_me_g108315.t1 -            775   9.3e-09   21.8   0.0   1   2      0.31      0.31   -2.3   0.0    31    48   156   173   153   185 0.80 -
MID_domain           -             83 Schmidtea_me_g108315.t1 -            775   9.3e-09   21.8   0.0   2   2   5.7e-08   5.7e-08   19.3   0.0     3    59   336   395   335   418 0.79 -
MID_domain           -             83 Schmidtea_me_g9618.t1 -            890   1.1e-40  124.1   0.1   1   1   4.2e-40   4.2e-40  122.2   0.1     1    82   460   541   460   542 0.99 -
MID_domain           -             83 Schmidtea_me_g9618.t2 -           1093   1.3e-40  123.8   0.1   1   1   5.5e-40   5.5e-40  121.9   0.1     1    82   663   744   663   745 0.99 -
MID_domain           -             83 Phoronis_au_g11987.t1 -           1011   3.7e-40  122.4   0.1   1   1   1.2e-39   1.2e-39  120.8   0.1     2    83   573   654   572   654 0.98 -
MID_domain           -             83 Phoronis_au_g12513.t1 -            907   3.4e-07   16.8   0.1   1   3      0.19      0.19   -1.6   0.0    47    72    89   114    81   121 0.77 -
MID_domain           -             83 Phoronis_au_g12513.t1 -            907   3.4e-07   16.8   0.1   2   3   2.9e-06   2.9e-06   13.8   0.0     8    82   526   593   517   594 0.85 -
MID_domain           -             83 Phoronis_au_g12513.t1 -            907   3.4e-07   16.8   0.1   3   3       0.7       0.7   -3.4   0.1    43    59   640   656   634   657 0.85 -
MID_domain           -             83 Phoronis_au_g12524.t2 -           1053   6.7e-07   15.8   0.0   1   1     3e-06     3e-06   13.7   0.0     8    82   672   739   664   740 0.90 -
MID_domain           -             83 Membranipora_me_g5368.t1 -           1000   2.9e-39  119.5   0.0   1   1   8.1e-39   8.1e-39  118.1   0.0     2    82   571   651   570   652 0.98 -
MID_domain           -             83 Bugulina_st_g10733.t1 -           1384     2e-39  120.0   0.0   1   1   5.7e-39   5.7e-39  118.6   0.0     2    82   955  1035   954  1036 0.98 -
MID_domain           -             83 Alitta_vi_g27014.t1  -           1438   2.1e-38  116.8   0.0   1   1   5.9e-38   5.9e-38  115.4   0.0     1    82  1008  1089  1008  1090 0.98 -
MID_domain           -             83 Acropora_mu_g38047.t1 -            753   6.7e-31   92.7   0.0   1   1   1.6e-30   1.6e-30   91.5   0.0     2    81   322   401   321   403 0.97 -
MID_domain           -             83 Acropora_mu_g38099.t1 -           1013   2.1e-19   55.9   0.1   1   2      0.22      0.22   -1.9   0.0    21    48   502   528   498   548 0.78 -
MID_domain           -             83 Acropora_mu_g38099.t1 -           1013   2.1e-19   55.9   0.1   2   2   1.4e-18   1.4e-18   53.3   0.0     4    79   591   666   587   668 0.96 -
MID_domain           -             83 Acropora_mu_g38100.t2 -            784   3.3e-20   58.5   0.1   1   2      0.94      0.94   -3.9   0.0    50    67   273   290   266   291 0.82 -
MID_domain           -             83 Acropora_mu_g38100.t2 -            784   3.3e-20   58.5   0.1   2   2   9.2e-20   9.2e-20   57.1   0.0     1    80   361   437   361   440 0.95 -
MID_domain           -             83 Acropora_mu_g38101.t1 -            762     5e-20   57.9   0.0   1   1   1.7e-19   1.7e-19   56.2   0.0     1    80   348   424   348   427 0.95 -
MID_domain           -             83 Cryptosula_pa_g31140.t1 -            834   6.4e-19   54.4   0.0   1   1   1.8e-18   1.8e-18   52.9   0.0     1    81   412   491   412   493 0.96 -
MID_domain           -             83 Cryptosula_pa_g14273.t1 -            872   3.1e-39  119.5   0.0   1   1     1e-38     1e-38  117.8   0.0     2    82   443   523   442   524 0.98 -
MID_domain           -             83 Notospermus_ge_g52577.t1 -           1002   5.3e-06   13.0   0.0   1   1   2.3e-05   2.3e-05   10.9   0.0     8    65   617   670   613   688 0.78 -
MID_domain           -             83 Notospermus_ge_g24581.t1 -           1580   1.7e-27   81.8   2.5   1   4      0.52      0.52   -3.0   0.3    32    71   606   644   597   656 0.68 -
MID_domain           -             83 Notospermus_ge_g24581.t1 -           1580   1.7e-27   81.8   2.5   2   4   1.2e-14   1.2e-14   40.7   0.0     1    57   679   737   679   760 0.89 -
MID_domain           -             83 Notospermus_ge_g24581.t1 -           1580   1.7e-27   81.8   2.5   3   4      0.64      0.64   -3.3   0.0    36    53  1146  1163  1122  1178 0.52 -
MID_domain           -             83 Notospermus_ge_g24581.t1 -           1580   1.7e-27   81.8   2.5   4   4   2.7e-14   2.7e-14   39.5   0.0     1    58  1182  1241  1182  1263 0.89 -
MID_domain           -             83 Notospermus_ge_g18962.t1 -            648   1.5e-40  123.7   0.0   1   1   4.3e-40   4.3e-40  122.2   0.0     2    82   495   575   494   576 0.98 -
MID_domain           -             83 Hemithiris_ps_comp29431_c0_seq1_len_3913.p1 -            602     5e-40  122.0   0.1   1   2      0.58      0.58   -3.2   0.0    36    60   117   141   109   146 0.73 -
MID_domain           -             83 Hemithiris_ps_comp29431_c0_seq1_len_3913.p1 -            602     5e-40  122.0   0.1   2   2   2.1e-39   2.1e-39  120.0   0.0     2    80   162   240   161   242 0.98 -
MID_domain           -             83 Malacobdella_gr_comp30892_c0_seq10.p1 -            800   2.3e-11   30.1   0.0   1   1   8.1e-11   8.1e-11   28.4   0.0     1    59   563   621   563   625 0.94 -
MID_domain           -             83 Malacobdella_gr_comp30892_c0_seq11.p1 -            806   2.4e-11   30.1   0.0   1   1   8.2e-11   8.2e-11   28.4   0.0     1    59   569   627   569   631 0.94 -
MID_domain           -             83 Paranemertes_pe_comp34412_c0_seq1_len_2745.p1 -            740   2.5e-09   23.6   0.8   1   2      0.44      0.44   -2.8   0.2    29    61   161   193   159   198 0.79 -
MID_domain           -             83 Paranemertes_pe_comp34412_c0_seq1_len_2745.p1 -            740   2.5e-09   23.6   0.8   2   2   9.8e-09   9.8e-09   21.7   0.0     1    59   310   368   310   373 0.94 -
MID_domain           -             83 Paranemertes_pe_comp34412_c0_seq5_len_1293.p1 -            430   8.8e-10   25.1   0.4   1   2      0.19      0.19   -1.6   0.2    29    61   161   193   158   200 0.78 -
MID_domain           -             83 Paranemertes_pe_comp34412_c0_seq5_len_1293.p1 -            430   8.8e-10   25.1   0.4   2   2   5.1e-09   5.1e-09   22.6   0.0     1    58   310   367   310   387 0.92 -
MID_domain           -             83 Pedicellina_ce_comp35143_c0_seq1.p1 -            918   8.2e-39  118.1   0.1   1   1     2e-38     2e-38  116.9   0.1     1    82   488   569   488   570 0.98 -
MID_domain           -             83 Phoronis_va_comp96016_c0_seq1.p1 -            875   1.7e-06   14.6   0.0   1   2   7.6e-06   7.6e-06   12.5   0.0     8    82   494   561   490   562 0.90 -
MID_domain           -             83 Phoronis_va_comp96016_c0_seq1.p1 -            875   1.7e-06   14.6   0.0   2   2      0.65      0.65   -3.3   0.1    43    59   608   624   601   625 0.85 -
MID_domain           -             83 Tubulanus_po_S_22_4697.p1 -            875   3.7e-07   16.7   0.0   1   2      0.95      0.95   -3.9   0.0    35    48   432   445   429   454 0.76 -
MID_domain           -             83 Tubulanus_po_S_22_4697.p1 -            875   3.7e-07   16.7   0.0   2   2   1.8e-06   1.8e-06   14.5   0.0     8    76   496   557   492   564 0.83 -
MID_domain           -             83 Tubulanus_po_S_22_804.p1 -           1065   5.6e-16   44.9   0.1   1   2   2.1e-15   2.1e-15   43.1   0.0     1    82   633   713   633   714 0.94 -
MID_domain           -             83 Tubulanus_po_S_22_804.p1 -           1065   5.6e-16   44.9   0.1   2   2      0.82      0.82   -3.7   0.0    35    61   844   870   840   880 0.61 -
MID_domain           -             83 Barentsia_sp_TRINITY_DN9366_c0_g1_i1.p1 -            918   4.5e-28   83.7   0.0   1   1   1.3e-27   1.3e-27   82.2   0.0     2    81   443   522   442   524 0.97 -
MID_domain           -             83 Brachionus_as_g16357.t1 -           1138   6.1e-39  118.5   0.2   1   2         1         1  -10.5  12.1    34    72   169   207   157   218 0.74 -
MID_domain           -             83 Brachionus_as_g16357.t1 -           1138   6.1e-39  118.5   0.2   2   2   6.1e-39   6.1e-39  118.5   0.2     2    83   666   747   665   747 0.98 -
MID_domain           -             83 Brachionus_as_g21154.t1 -            953   3.4e-14   39.2   0.4   1   1   1.1e-13   1.1e-13   37.6   0.4     4    60   529   583   527   610 0.90 -
MID_domain           -             83 Brachionus_as_g12429.t2 -            823   2.1e-08   20.6   1.6   1   2   9.7e-08   9.7e-08   18.5   0.2     3    81   354   427   352   429 0.85 -
MID_domain           -             83 Brachionus_as_g12429.t2 -            823   2.1e-08   20.6   1.6   2   2     0.051     0.051    0.2   0.2    37    80   450   492   415   495 0.68 -
MID_domain           -             83 Adineta_ri_g21406.t1 -           1485     1e-08   21.7   0.1   1   1   3.3e-08   3.3e-08   20.0   0.1     3    63   515   576   513   595 0.82 -
MID_domain           -             83 Adineta_ri_g6770.t1  -           1420   6.4e-10   25.5   2.5   1   3    0.0038    0.0038    3.8   0.1    41    73    86   118    69   122 0.82 -
MID_domain           -             83 Adineta_ri_g6770.t1  -           1420   6.4e-10   25.5   2.5   2   3         1         1   -4.1   0.0    35    51   144   160   141   162 0.80 -
MID_domain           -             83 Adineta_ri_g6770.t1  -           1420   6.4e-10   25.5   2.5   3   3   2.5e-08   2.5e-08   20.4   0.1     2    60   971  1033   970  1054 0.85 -
MID_domain           -             83 Adineta_ri_g6362.t1  -            937   1.4e-08   21.3   0.0   1   1   4.5e-08   4.5e-08   19.6   0.0     3    79   501   577   499   581 0.81 -
MID_domain           -             83 Adineta_ri_g13310.t1 -            959   2.1e-09   23.9   0.0   1   1   5.2e-09   5.2e-09   22.6   0.0     2    80   519   597   518   600 0.84 -
MID_domain           -             83 Adineta_ri_g40677.t1 -            907   2.8e-39  119.6   0.3   1   2     0.087     0.087   -0.5   0.0    31    57   111   137   108   144 0.80 -
MID_domain           -             83 Adineta_ri_g40677.t1 -            907   2.8e-39  119.6   0.3   2   2   2.2e-38   2.2e-38  116.7   0.1     1    82   474   555   474   556 0.98 -
MID_domain           -             83 Adineta_ri_g39803.t1 -            912   3.1e-39  119.5   0.3   1   2     0.088     0.088   -0.6   0.0    31    57   116   142   113   149 0.80 -
MID_domain           -             83 Adineta_ri_g39803.t1 -            912   3.1e-39  119.5   0.3   2   2   2.4e-38   2.4e-38  116.6   0.1     1    82   479   560   479   561 0.98 -
MID_domain           -             83 Adineta_ri_g16866.t1 -           1036   3.7e-10   26.3   0.1   1   2       0.4       0.4   -2.7   0.0    21    39   185   203   181   206 0.89 -
MID_domain           -             83 Adineta_ri_g16866.t1 -           1036   3.7e-10   26.3   0.1   2   2   1.7e-09   1.7e-09   24.1   0.0     5    82   579   657   575   658 0.87 -
MID_domain           -             83 Adineta_ri_g16867.t1 -           1007   1.3e-09   24.5   0.0   1   2      0.38      0.38   -2.6   0.0    21    39   161   179   157   183 0.90 -
MID_domain           -             83 Adineta_ri_g16867.t1 -           1007   1.3e-09   24.5   0.0   2   2     7e-09     7e-09   22.2   0.0     4    57   554   605   551   621 0.90 -
MID_domain           -             83 Adineta_ri_g4918.t1  -           1391   1.4e-06   14.8   0.0   1   1     8e-06     8e-06   12.4   0.0    11    82   458   528   456   529 0.93 -
MID_domain           -             83 Adineta_ri_g11125.t1 -           1642   1.6e-08   21.0   0.0   1   1   4.8e-08   4.8e-08   19.5   0.0     2    81  1202  1282  1201  1284 0.92 -
MID_domain           -             83 Adineta_ri_g400.t1   -           1092   1.5e-09   24.3   0.2   1   1   5.9e-09   5.9e-09   22.4   0.2     3    81   647   726   645   728 0.77 -
MID_domain           -             83 Adineta_ri_g40862.t1 -            940   4.3e-10   26.1   0.0   1   1   9.5e-10   9.5e-10   25.0   0.0     4    79   504   579   501   583 0.85 -
MID_domain           -             83 Adineta_ri_g22372.t1 -            973   2.6e-09   23.6   0.0   1   1   6.8e-09   6.8e-09   22.2   0.0     2    80   533   611   532   614 0.84 -
MID_domain           -             83 Adineta_ri_g24994.t1 -           1501   9.7e-08   18.5   0.0   1   1   3.3e-07   3.3e-07   16.8   0.0     5    57   511   561   508   589 0.89 -
MID_domain           -             83 Adineta_ri_g22742.t1 -            925   4.3e-07   16.5   0.0   1   1   1.4e-06   1.4e-06   14.8   0.0     2    61   513   573   512   593 0.86 -
MID_domain           -             83 Barentsia_sp_TRINITY_DN69803_c0_g1_i1.p1 -            971   8.1e-07   15.6   0.1   1   2     0.071     0.071   -0.3   0.0    32    66    99   133    95   138 0.90 -
MID_domain           -             83 Barentsia_sp_TRINITY_DN69803_c0_g1_i1.p1 -            971   8.1e-07   15.6   0.1   2   2   1.3e-05   1.3e-05   11.7   0.0     3    57   520   581   518   607 0.85 -
MID_domain           -             83 Barentsia_sp_TRINITY_DN82105_c1_g4_i16.p1 -            873   8.1e-39  118.1   0.1   1   1     2e-38     2e-38  116.8   0.1     1    82   439   520   439   521 0.98 -
MID_domain           -             83 Barentsia_sp_TRINITY_DN82105_c1_g4_i4.p1 -            464     3e-39  119.5   0.1   1   1   8.1e-39   8.1e-39  118.1   0.1     1    82   201   282   201   283 0.98 -
MID_domain           -             83 Cristatella_mucedo_AGO1_1 -            852   2.9e-40  122.8   0.1   1   1     8e-40     8e-40  121.3   0.1     1    82   421   502   421   503 0.99 -
MID_domain           -             83 Pomphorhyncus_laevis_AGO1_1 -            928     2e-28   84.8   0.0   1   1   6.2e-28   6.2e-28   83.3   0.0     2    82   427   507   426   508 0.97 -
MID_domain           -             83 Bugulina_st_AGO2_1   -            354   3.5e-40  122.5   0.0   1   1   8.2e-40   8.2e-40  121.3   0.0     2    82    24   104    23   105 0.98 -
MID_domain           -             83 Bugula_ne_AGO2_1     -            354   3.5e-40  122.5   0.0   1   1   8.2e-40   8.2e-40  121.3   0.0     2    82    24   104    23   105 0.98 -
MID_domain           -             83 Cryptosula_pa_AGO2_1 -            329     1e-39  121.0   0.0   1   1   2.2e-39   2.2e-39  119.9   0.0     2    82    24   104    23   105 0.98 -
MID_domain           -             83 Membranipora_me_AGO2_1 -            299   5.4e-40  121.9   0.0   1   1   1.3e-39   1.3e-39  120.7   0.0     2    82    24   104    23   105 0.98 -
#
# Program:         hmmscan
# Version:         3.3.2 (Nov 2020)
# Pipeline mode:   SCAN
# Query file:      /home/STUDENTI/gianmarco.cavalli/PhyloAgo/Trees/new_trees/argonaute_gen_trans_out.fasta
# Target file:     ../../domains/MID_domain.fasta_aln.hmm
# Option settings: hmmscan --domtblout Ago_MID_domain_out_hmm -E 10e-6 ../../domains/MID_domain.fasta_aln.hmm /home/STUDENTI/gianmarco.cavalli/PhyloAgo/Trees/new_trees/argonaute_gen_trans_out.fasta 
# Current dir:     /home/STUDENTI/gianmarco.cavalli/PhyloAgo/revision/dicer_domains
# Date:            Wed Oct  4 15:27:19 2023
# [ok]
